time 0.100251 e_balance -1.22122e-15 
x y z cell_char_length e p radE rho temperature u v w 
0 0 0.0005 0.001 2.5 1 0.535944 1 2.5 0 0 0 
0 0 0.0015 0.001 2.5 1 0.535944 1 2.5 0 0 0 
0 0 0.0025 0.001 2.5 1 0.535944 1 2.5 0 0 0 
0 0 0.0035 0.001 2.5 1 0.535944 1 2.5 0 0 0 
0 0 0.0045 0.001 2.5 1 0.535944 1 2.5 0 0 0 
0 0 0.0055 0.001 2.5 1 0.535944 1 2.5 0 0 0 
0 0 0.0065 0.001 2.5 1 0.535944 1 2.5 0 0 0 
0 0 0.0075 0.001 2.5 1 0.535944 1 2.5 0 0 0 
0 0 0.0085 0.001 2.5 1 0.535944 1 2.5 0 0 0 
0 0 0.0095 0.001 2.5 1 0.535944 1 2.5 0 0 0 
0 0 0.0105 0.001 2.5 1 0.535944 1 2.5 0 0 0 
0 0 0.0115 0.001 2.5 1 0.535944 1 2.5 0 0 0 
0 0 0.0125 0.001 2.5 1 0.535944 1 2.5 0 0 0 
0 0 0.0135 0.001 2.5 1 0.535944 1 2.5 0 0 0 
0 0 0.0145 0.001 2.5 1 0.535944 1 2.5 0 0 0 
0 0 0.0155 0.001 2.5 1 0.535944 1 2.5 0 0 0 
0 0 0.0165 0.001 2.5 1 0.535944 1 2.5 0 0 0 
0 0 0.0175 0.001 2.5 1 0.535944 1 2.5 0 0 0 
0 0 0.0185 0.001 2.5 1 0.535944 1 2.5 0 0 0 
0 0 0.0195 0.001 2.5 1 0.535944 1 2.5 0 0 0 
0 0 0.0205 0.001 2.5 1 0.535944 1 2.5 0 0 0 
0 0 0.0215 0.001 2.5 1 0.535944 1 2.5 0 0 0 
0 0 0.0225 0.001 2.5 1 0.535944 1 2.5 0 0 0 
0 0 0.0235 0.001 2.5 1 0.535944 1 2.5 0 0 0 
0 0 0.0245 0.001 2.5 1 0.535944 1 2.5 0 0 0 
0 0 0.0255 0.001 2.5 1 0.535944 1 2.5 0 0 0 
0 0 0.0265 0.001 2.5 1 0.535944 1 2.5 0 0 0 
0 0 0.0275 0.001 2.5 1 0.535944 1 2.5 0 0 0 
0 0 0.0285 0.001 2.5 1 0.535944 1 2.5 0 0 0 
0 0 0.0295 0.001 2.5 1 0.535944 1 2.5 0 0 0 
0 0 0.0305 0.001 2.5 1 0.535944 1 2.5 0 0 0 
0 0 0.0315 0.001 2.5 1 0.535944 1 2.5 0 0 0 
0 0 0.0325 0.001 2.5 1 0.535944 1 2.5 0 0 0 
0 0 0.0335 0.001 2.5 1 0.535944 1 2.5 0 0 0 
0 0 0.0345 0.001 2.5 1 0.535944 1 2.5 0 0 0 
0 0 0.0355 0.001 2.5 1 0.535944 1 2.5 0 0 0 
0 0 0.0365 0.001 2.5 1 0.535944 1 2.5 0 0 0 
0 0 0.0375 0.001 2.5 1 0.535944 1 2.5 0 0 0 
0 0 0.0385 0.001 2.5 1 0.535944 1 2.5 0 0 0 
0 0 0.0395 0.001 2.5 1 0.535944 1 2.5 0 0 0 
0 0 0.0405 0.001 2.5 1 0.535944 1 2.5 0 0 0 
0 0 0.0415 0.001 2.5 1 0.535944 1 2.5 0 0 0 
0 0 0.0425 0.001 2.5 1 0.535944 1 2.5 0 0 0 
0 0 0.0435 0.001 2.5 1 0.535944 1 2.5 0 0 0 
0 0 0.0445 0.001 2.5 1 0.535944 1 2.5 0 0 0 
0 0 0.0455 0.001 2.5 1 0.535944 1 2.5 0 0 0 
0 0 0.0465 0.001 2.5 1 0.535944 1 2.5 0 0 0 
0 0 0.0475 0.001 2.5 1 0.535944 1 2.5 0 0 0 
0 0 0.0485 0.001 2.5 1 0.535944 1 2.5 0 0 0 
0 0 0.0495 0.001 2.5 1 0.535944 1 2.5 0 0 0 
0 0 0.0505 0.001 2.5 1 0.535944 1 2.5 0 0 0 
0 0 0.0515 0.001 2.5 1 0.535944 1 2.5 0 0 0 
0 0 0.0525 0.001 2.5 1 0.535944 1 2.5 0 0 0 
0 0 0.0535 0.001 2.5 1 0.535944 1 2.5 0 0 0 
0 0 0.0545 0.001 2.5 1 0.535944 1 2.5 0 0 0 
0 0 0.0555 0.001 2.5 1 0.535944 1 2.5 0 0 0 
0 0 0.0565 0.001 2.5 1 0.535944 1 2.5 0 0 0 
0 0 0.0575 0.001 2.5 1 0.535944 1 2.5 0 0 0 
0 0 0.0585 0.001 2.5 1 0.535944 1 2.5 0 0 0 
0 0 0.0595 0.001 2.5 1 0.535944 1 2.5 0 0 0 
0 0 0.0605 0.001 2.5 1 0.535944 1 2.5 0 0 0 
0 0 0.0615 0.001 2.5 1 0.535944 1 2.5 0 0 0 
0 0 0.0625 0.001 2.5 1 0.535944 1 2.5 0 0 0 
0 0 0.0635 0.001 2.5 1 0.535944 1 2.5 0 0 0 
0 0 0.0645 0.001 2.5 1 0.535944 1 2.5 0 0 0 
0 0 0.0655 0.001 2.5 1 0.535944 1 2.5 0 0 0 
0 0 0.0665 0.001 2.5 1 0.535944 1 2.5 0 0 0 
0 0 0.0675 0.001 2.5 1 0.535944 1 2.5 0 0 0 
0 0 0.0685 0.001 2.5 1 0.535944 1 2.5 0 0 0 
0 0 0.0695 0.001 2.5 1 0.535944 1 2.5 0 0 0 
0 0 0.0705 0.001 2.5 1 0.535944 1 2.5 0 0 0 
0 0 0.0715 0.001 2.5 1 0.535944 1 2.5 0 0 0 
0 0 0.0725 0.001 2.5 1 0.535944 1 2.5 0 0 0 
0 0 0.0735 0.001 2.5 1 0.535944 1 2.5 0 0 0 
0 0 0.0745 0.001 2.5 1 0.535944 1 2.5 0 0 0 
0 0 0.0755 0.001 2.5 1 0.535944 1 2.5 0 0 0 
0 0 0.0765 0.001 2.5 1 0.535944 1 2.5 0 0 0 
0 0 0.0775 0.001 2.5 1 0.535944 1 2.5 0 0 0 
0 0 0.0785 0.001 2.5 1 0.535944 1 2.5 0 0 0 
0 0 0.0795 0.001 2.5 1 0.535944 1 2.5 0 0 0 
0 0 0.0805 0.001 2.5 1 0.535944 1 2.5 0 0 0 
0 0 0.0815 0.001 2.5 1 0.535944 1 2.5 0 0 0 
0 0 0.0825 0.001 2.5 1 0.535944 1 2.5 0 0 0 
0 0 0.0835 0.001 2.5 1 0.535944 1 2.5 0 0 0 
0 0 0.0845 0.001 2.5 1 0.535944 1 2.5 0 0 0 
0 0 0.0855 0.001 2.5 1 0.535944 1 2.5 0 0 0 
0 0 0.0865 0.001 2.5 1 0.535944 1 2.5 0 0 0 
0 0 0.0875 0.001 2.5 1 0.535944 1 2.5 0 0 0 
0 0 0.0885 0.001 2.5 1 0.535944 1 2.5 0 0 0 
0 0 0.0895 0.001 2.5 1 0.535944 1 2.5 0 0 0 
0 0 0.0905 0.001 2.5 1 0.535944 1 2.5 0 0 0 
0 0 0.0915 0.001 2.5 1 0.535944 1 2.5 0 0 0 
0 0 0.0925 0.001 2.5 1 0.535944 1 2.5 0 0 0 
0 0 0.0935 0.001 2.5 1 0.535944 1 2.5 0 0 0 
0 0 0.0945 0.001 2.5 1 0.535944 1 2.5 0 0 0 
0 0 0.0955 0.001 2.5 1 0.535944 1 2.5 0 0 0 
0 0 0.0965 0.001 2.5 1 0.535944 1 2.5 0 0 0 
0 0 0.0975 0.001 2.5 1 0.535944 1 2.5 0 0 0 
0 0 0.0985 0.001 2.5 1 0.535944 1 2.5 0 0 0 
0 0 0.0995 0.001 2.5 1 0.535944 1 2.5 0 0 0 
0 0 0.1005 0.001 2.5 1 0.535944 1 2.5 0 0 0 
0 0 0.1015 0.001 2.5 1 0.535944 1 2.5 0 0 0 
0 0 0.1025 0.001 2.5 1 0.535944 1 2.5 0 0 0 
0 0 0.1035 0.001 2.5 1 0.535944 1 2.5 0 0 0 
0 0 0.1045 0.001 2.5 1 0.535944 1 2.5 0 0 0 
0 0 0.1055 0.001 2.5 1 0.535944 1 2.5 0 0 0 
0 0 0.1065 0.001 2.5 1 0.535944 1 2.5 0 0 0 
0 0 0.1075 0.001 2.5 1 0.535944 1 2.5 0 0 0 
0 0 0.1085 0.001 2.5 1 0.535944 1 2.5 0 0 0 
0 0 0.1095 0.001 2.5 1 0.535944 1 2.5 0 0 0 
0 0 0.1105 0.001 2.5 1 0.535944 1 2.5 0 0 0 
0 0 0.1115 0.001 2.5 1 0.535944 1 2.5 0 0 0 
0 0 0.1125 0.001 2.5 1 0.535944 1 2.5 0 0 0 
0 0 0.1135 0.001 2.5 1 0.535944 1 2.5 0 0 0 
0 0 0.1145 0.001 2.5 1 0.535944 1 2.5 0 0 0 
0 0 0.1155 0.001 2.5 1 0.535944 1 2.5 0 0 0 
0 0 0.1165 0.001 2.5 1 0.535944 1 2.5 0 0 0 
0 0 0.1175 0.001 2.5 1 0.535944 1 2.5 0 0 0 
0 0 0.1185 0.001 2.5 1 0.535944 1 2.5 0 0 0 
0 0 0.1195 0.001 2.5 1 0.535944 1 2.5 0 0 0 
0 0 0.1205 0.001 2.5 1 0.535944 1 2.5 0 0 0 
0 0 0.1215 0.001 2.5 1 0.535944 1 2.5 0 0 0 
0 0 0.1225 0.001 2.5 1 0.535944 1 2.5 0 0 0 
0 0 0.1235 0.001 2.5 1 0.535944 1 2.5 0 0 0 
0 0 0.1245 0.001 2.5 1 0.535944 1 2.5 0 0 0 
0 0 0.1255 0.001 2.5 1 0.535944 1 2.5 0 0 0 
0 0 0.1265 0.001 2.5 1 0.535944 1 2.5 0 0 0 
0 0 0.1275 0.001 2.5 1 0.535944 1 2.5 0 0 0 
0 0 0.1285 0.001 2.5 1 0.535944 1 2.5 0 0 0 
0 0 0.1295 0.001 2.5 1 0.535944 1 2.5 0 0 0 
0 0 0.1305 0.001 2.5 1 0.535944 1 2.5 0 0 0 
0 0 0.1315 0.001 2.5 1 0.535944 1 2.5 0 0 0 
0 0 0.1325 0.001 2.5 1 0.535944 1 2.5 0 0 0 
0 0 0.1335 0.001 2.5 1 0.535944 1 2.5 0 0 0 
0 0 0.1345 0.001 2.5 1 0.535944 1 2.5 0 0 0 
0 0 0.1355 0.001 2.5 1 0.535944 1 2.5 0 0 0 
0 0 0.1365 0.001 2.5 1 0.535944 1 2.5 0 0 0 
0 0 0.1375 0.001 2.5 1 0.535944 1 2.5 0 0 0 
0 0 0.1385 0.001 2.5 1 0.535944 1 2.5 0 0 0 
0 0 0.1395 0.001 2.5 1 0.535944 1 2.5 0 0 0 
0 0 0.1405 0.001 2.5 1 0.535944 1 2.5 0 0 0 
0 0 0.1415 0.001 2.5 1 0.535944 1 2.5 0 0 0 
0 0 0.1425 0.001 2.5 1 0.535944 1 2.5 0 0 0 
0 0 0.1435 0.001 2.5 1 0.535944 1 2.5 0 0 0 
0 0 0.1445 0.001 2.5 1 0.535944 1 2.5 0 0 0 
0 0 0.1455 0.001 2.5 1 0.535944 1 2.5 0 0 0 
0 0 0.1465 0.001 2.5 1 0.535944 1 2.5 0 0 0 
0 0 0.1475 0.001 2.5 1 0.535944 1 2.5 0 0 0 
0 0 0.1485 0.001 2.5 1 0.535944 1 2.5 0 0 0 
0 0 0.1495 0.001 2.5 1 0.535944 1 2.5 0 0 0 
0 0 0.1505 0.001 2.5 1 0.535944 1 2.5 0 0 0 
0 0 0.1515 0.001 2.5 1 0.535944 1 2.5 0 0 0 
0 0 0.1525 0.001 2.5 1 0.535944 1 2.5 0 0 0 
0 0 0.1535 0.001 2.5 1 0.535944 1 2.5 0 0 0 
0 0 0.1545 0.001 2.5 1 0.535944 1 2.5 0 0 0 
0 0 0.1555 0.001 2.5 1 0.535944 1 2.5 0 0 0 
0 0 0.1565 0.001 2.5 1 0.535944 1 2.5 0 0 0 
0 0 0.1575 0.001 2.5 1 0.535944 1 2.5 0 0 0 
0 0 0.1585 0.001 2.5 1 0.535944 1 2.5 0 0 0 
0 0 0.1595 0.001 2.5 1 0.535944 1 2.5 0 0 0 
0 0 0.1605 0.001 2.5 1 0.535944 1 2.5 0 0 0 
0 0 0.1615 0.001 2.5 1 0.535944 1 2.5 0 0 0 
0 0 0.1625 0.001 2.5 1 0.535944 1 2.5 0 0 0 
0 0 0.1635 0.001 2.5 1 0.535944 1 2.5 0 0 0 
0 0 0.1645 0.001 2.5 1 0.535944 1 2.5 0 0 0 
0 0 0.1655 0.001 2.5 1 0.535944 1 2.5 0 0 0 
0 0 0.1665 0.001 2.5 1 0.535944 1 2.5 0 0 0 
0 0 0.1675 0.001 2.5 1 0.535944 1 2.5 0 0 0 
0 0 0.1685 0.001 2.5 1 0.535944 1 2.5 0 0 0 
0 0 0.1695 0.001 2.5 1 0.535944 1 2.5 0 0 0 
0 0 0.1705 0.001 2.5 1 0.535944 1 2.5 0 0 0 
0 0 0.1715 0.001 2.5 1 0.535944 1 2.5 0 0 0 
0 0 0.1725 0.001 2.5 1 0.535944 1 2.5 0 0 0 
0 0 0.1735 0.001 2.5 1 0.535944 1 2.5 0 0 0 
0 0 0.1745 0.001 2.5 1 0.535944 1 2.5 0 0 0 
0 0 0.1755 0.001 2.5 1 0.535944 1 2.5 0 0 0 
0 0 0.1765 0.001 2.5 1 0.535944 1 2.5 0 0 0 
0 0 0.1775 0.001 2.5 1 0.535944 1 2.5 0 0 0 
0 0 0.1785 0.001 2.5 1 0.535944 1 2.5 0 0 0 
0 0 0.1795 0.001 2.5 1 0.535944 1 2.5 0 0 0 
0 0 0.1805 0.001 2.5 1 0.535944 1 2.5 0 0 0 
0 0 0.1815 0.001 2.5 1 0.535944 1 2.5 0 0 0 
0 0 0.1825 0.001 2.5 1 0.535944 1 2.5 0 0 0 
0 0 0.1835 0.001 2.5 1 0.535944 1 2.5 0 0 0 
0 0 0.1845 0.001 2.5 1 0.535944 1 2.5 0 0 0 
0 0 0.1855 0.001 2.5 1 0.535944 1 2.5 0 0 0 
0 0 0.1865 0.001 2.5 1 0.535944 1 2.5 0 0 0 
0 0 0.1875 0.001 2.5 1 0.535944 1 2.5 0 0 0 
0 0 0.1885 0.001 2.5 1 0.535944 1 2.5 0 0 0 
0 0 0.1895 0.001 2.5 1 0.535944 1 2.5 0 0 0 
0 0 0.1905 0.001 2.5 1 0.535944 1 2.5 0 0 0 
0 0 0.1915 0.001 2.5 1 0.535944 1 2.5 0 0 0 
0 0 0.1925 0.001 2.5 1 0.535944 1 2.5 0 0 0 
0 0 0.1935 0.001 2.5 1 0.535944 1 2.5 0 0 0 
0 0 0.1945 0.001 2.5 1 0.535944 1 2.5 0 0 0 
0 0 0.1955 0.001 2.5 1 0.535944 1 2.5 0 0 0 
0 0 0.1965 0.001 2.5 1 0.535944 1 2.5 0 0 0 
0 0 0.1975 0.001 2.5 1 0.535944 1 2.5 0 0 0 
0 0 0.1985 0.001 2.5 1 0.535944 1 2.5 0 0 0 
0 0 0.1995 0.001 2.5 1 0.535944 1 2.5 0 0 0 
0 0 0.2005 0.001 2.5 1 0.535944 1 2.5 0 0 0 
0 0 0.2015 0.001 2.5 1 0.535944 1 2.5 0 0 0 
0 0 0.2025 0.001 2.5 1 0.535944 1 2.5 0 0 0 
0 0 0.2035 0.001 2.5 1 0.535944 1 2.5 0 0 0 
0 0 0.2045 0.001 2.5 1 0.535944 1 2.5 0 0 0 
0 0 0.2055 0.001 2.5 1 0.535944 1 2.5 0 0 0 
0 0 0.2065 0.001 2.5 1 0.535944 1 2.5 0 0 0 
0 0 0.2075 0.001 2.5 1 0.535944 1 2.5 0 0 0 
0 0 0.2085 0.001 2.5 1 0.535944 1 2.5 0 0 0 
0 0 0.2095 0.001 2.5 1 0.535944 1 2.5 0 0 0 
0 0 0.2105 0.001 2.5 1 0.535944 1 2.5 0 0 0 
0 0 0.2115 0.001 2.5 1 0.535944 1 2.5 0 0 0 
0 0 0.2125 0.001 2.5 1 0.535944 1 2.5 0 0 0 
0 0 0.2135 0.001 2.5 1 0.535944 1 2.5 0 0 0 
0 0 0.2145 0.001 2.5 1 0.535944 1 2.5 0 0 0 
0 0 0.2155 0.001 2.5 1 0.535944 1 2.5 0 0 0 
0 0 0.2165 0.001 2.5 1 0.535944 1 2.5 0 0 0 
0 0 0.2175 0.001 2.5 1 0.535944 1 2.5 0 0 0 
0 0 0.2185 0.001 2.5 1 0.535944 1 2.5 0 0 0 
0 0 0.2195 0.001 2.5 1 0.535944 1 2.5 0 0 0 
0 0 0.2205 0.001 2.5 1 0.535944 1 2.5 0 0 0 
0 0 0.2215 0.001 2.5 1 0.535944 1 2.5 0 0 0 
0 0 0.2225 0.001 2.5 1 0.535944 1 2.5 0 0 0 
0 0 0.2235 0.001 2.5 1 0.535944 1 2.5 0 0 0 
0 0 0.2245 0.001 2.5 1 0.535944 1 2.5 0 0 0 
0 0 0.2255 0.001 2.5 1 0.535944 1 2.5 0 0 0 
0 0 0.2265 0.001 2.5 1 0.535944 1 2.5 0 0 0 
0 0 0.2275 0.001 2.5 1 0.535944 1 2.5 0 0 0 
0 0 0.2285 0.001 2.5 1 0.535944 1 2.5 0 0 0 
0 0 0.2295 0.001 2.5 1 0.535944 1 2.5 0 0 0 
0 0 0.2305 0.001 2.5 1 0.535944 1 2.5 0 0 0 
0 0 0.2315 0.001 2.5 1 0.535944 1 2.5 0 0 0 
0 0 0.2325 0.001 2.5 1 0.535944 1 2.5 0 0 0 
0 0 0.2335 0.001 2.5 1 0.535944 1 2.5 0 0 0 
0 0 0.2345 0.001 2.5 1 0.535944 1 2.5 0 0 0 
0 0 0.2355 0.001 2.5 1 0.535944 1 2.5 0 0 0 
0 0 0.2365 0.001 2.5 1 0.535944 1 2.5 0 0 0 
0 0 0.2375 0.001 2.5 1 0.535944 1 2.5 0 0 0 
0 0 0.2385 0.001 2.5 1 0.535944 1 2.5 0 0 0 
0 0 0.2395 0.001 2.5 1 0.535944 1 2.5 0 0 0 
0 0 0.2405 0.001 2.5 1 0.535944 1 2.5 0 0 0 
0 0 0.2415 0.001 2.5 1 0.535944 1 2.5 0 0 0 
0 0 0.2425 0.001 2.5 1 0.535944 1 2.5 0 0 0 
0 0 0.2435 0.001 2.5 1 0.535944 1 2.5 0 0 0 
0 0 0.2445 0.001 2.5 1 0.535944 1 2.5 0 0 0 
0 0 0.2455 0.001 2.5 1 0.535944 1 2.5 0 0 0 
0 0 0.2465 0.001 2.5 1 0.535944 1 2.5 0 0 0 
0 0 0.2475 0.001 2.5 1 0.535944 1 2.5 0 0 0 
0 0 0.2485 0.001 2.5 1 0.535944 1 2.5 0 0 0 
0 0 0.2495 0.001 2.5 1 0.535944 1 2.5 0 0 0 
0 0 0.2505 0.001 2.5 1 0.535944 1 2.5 0 0 0 
0 0 0.2515 0.001 2.5 1 0.535944 1 2.5 0 0 0 
0 0 0.2525 0.001 2.5 1 0.535944 1 2.5 0 0 0 
0 0 0.2535 0.001 2.5 1 0.535944 1 2.5 0 0 0 
0 0 0.2545 0.001 2.5 1 0.535944 1 2.5 0 0 0 
0 0 0.2555 0.001 2.5 1 0.535944 1 2.5 0 0 0 
0 0 0.2565 0.001 2.5 1 0.535944 1 2.5 0 0 0 
0 0 0.2575 0.001 2.5 1 0.535944 1 2.5 0 0 0 
0 0 0.2585 0.001 2.5 1 0.535944 1 2.5 0 0 0 
0 0 0.2595 0.001 2.5 1 0.535944 1 2.5 0 0 0 
0 0 0.2605 0.001 2.5 1 0.535944 1 2.5 0 0 0 
0 0 0.2615 0.001 2.5 1 0.535944 1 2.5 0 0 0 
0 0 0.2625 0.001 2.5 1 0.535944 1 2.5 0 0 0 
0 0 0.2635 0.001 2.5 1 0.535944 1 2.5 0 0 0 
0 0 0.2645 0.001 2.5 1 0.535944 1 2.5 0 0 0 
0 0 0.2655 0.001 2.5 1 0.535944 1 2.5 0 0 0 
0 0 0.2665 0.001 2.5 1 0.535944 1 2.5 0 0 0 
0 0 0.2675 0.001 2.5 1 0.535944 1 2.5 0 0 0 
0 0 0.2685 0.001 2.5 1 0.535944 1 2.5 0 0 0 
0 0 0.2695 0.001 2.5 1 0.535944 1 2.5 0 0 0 
0 0 0.2705 0.001 2.5 1 0.535944 1 2.5 0 0 0 
0 0 0.2715 0.001 2.5 1 0.535944 1 2.5 0 0 0 
0 0 0.2725 0.001 2.5 1 0.535944 1 2.5 0 0 0 
0 0 0.2735 0.001 2.5 1 0.535944 1 2.5 0 0 0 
0 0 0.2745 0.001 2.5 1 0.535944 1 2.5 0 0 0 
0 0 0.2755 0.001 2.5 1 0.535944 1 2.5 0 0 0 
0 0 0.2765 0.001 2.5 1 0.535944 1 2.5 0 0 0 
0 0 0.2775 0.001 2.5 1 0.535944 1 2.5 0 0 0 
0 0 0.2785 0.001 2.5 1 0.535944 1 2.5 0 0 0 
0 0 0.2795 0.001 2.5 1 0.535944 1 2.5 0 0 0 
0 0 0.2805 0.001 2.5 1 0.535944 1 2.5 0 0 0 
0 0 0.2815 0.001 2.5 1 0.535944 1 2.5 0 0 0 
0 0 0.2825 0.001 2.5 1 0.535944 1 2.5 0 0 0 
0 0 0.2835 0.001 2.5 1 0.535944 1 2.5 0 0 0 
0 0 0.2845 0.001 2.5 1 0.535944 1 2.5 0 0 0 
0 0 0.2855 0.001 2.5 1 0.535944 1 2.5 0 0 0 
0 0 0.2865 0.001 2.5 1 0.535944 1 2.5 0 0 0 
0 0 0.2875 0.001 2.5 1 0.535944 1 2.5 0 0 0 
0 0 0.2885 0.001 2.5 1 0.535944 1 2.5 0 0 0 
0 0 0.2895 0.001 2.5 1 0.535944 1 2.5 0 0 0 
0 0 0.2905 0.001 2.5 1 0.535944 1 2.5 0 0 0 
0 0 0.2915 0.001 2.5 1 0.535944 1 2.5 0 0 0 
0 0 0.2925 0.001 2.5 1 0.535944 1 2.5 0 0 0 
0 0 0.2935 0.001 2.5 1 0.535944 1 2.5 0 0 0 
0 0 0.2945 0.001 2.5 1 0.535944 1 2.5 0 0 0 
0 0 0.2955 0.001 2.5 1 0.535944 1 2.5 0 0 0 
0 0 0.2965 0.001 2.5 1 0.535944 1 2.5 0 0 0 
0 0 0.2975 0.001 2.5 1 0.535944 1 2.5 0 0 0 
0 0 0.2985 0.001 2.5 1 0.535944 1 2.5 0 0 0 
0 0 0.2995 0.001 2.5 1 0.535944 1 2.5 0 0 0 
0 0 0.3005 0.001 2.5 1 0.535944 1 2.5 0 0 0 
0 0 0.3015 0.001 2.5 1 0.535944 1 2.5 0 0 0 
0 0 0.3025 0.001 2.5 1 0.535944 1 2.5 0 0 0 
0 0 0.3035 0.001 2.5 1 0.535944 1 2.5 0 0 0 
0 0 0.3045 0.001 2.5 1 0.535944 1 2.5 0 0 0 
0 0 0.3055 0.001 2.5 1 0.535944 1 2.5 0 0 0 
0 0 0.3065 0.001 2.5 1 0.535944 1 2.5 0 0 0 
0 0 0.3075 0.001 2.5 1 0.535944 1 2.5 0 0 0 
0 0 0.3085 0.001 2.5 1 0.535944 1 2.5 0 0 0 
0 0 0.3095 0.001 2.5 1 0.535944 1 2.5 0 0 0 
0 0 0.3105 0.001 2.5 1 0.535944 1 2.5 0 0 0 
0 0 0.3115 0.001 2.5 1 0.535944 1 2.5 0 0 0 
0 0 0.3125 0.001 2.5 1 0.535944 1 2.5 0 0 0 
0 0 0.3135 0.001 2.5 1 0.535944 1 2.5 0 0 0 
0 0 0.3145 0.001 2.5 1 0.535944 1 2.5 0 0 0 
0 0 0.3155 0.001 2.5 1 0.535944 1 2.5 0 0 0 
0 0 0.3165 0.001 2.5 1 0.535944 1 2.5 0 0 0 
0 0 0.3175 0.001 2.5 1 0.535944 1 2.5 0 0 0 
0 0 0.3185 0.001 2.5 1 0.535944 1 2.5 0 0 0 
0 0 0.3195 0.001 2.5 1 0.535944 1 2.5 0 0 0 
0 0 0.3205 0.001 2.5 1 0.535944 1 2.5 0 0 0 
0 0 0.3215 0.001 2.5 1 0.535944 1 2.5 0 0 0 
0 0 0.3225 0.001 2.5 1 0.535944 1 2.5 0 0 0 
0 0 0.3235 0.001 2.5 1 0.535944 1 2.5 0 0 0 
0 0 0.3245 0.001 2.5 1 0.535944 1 2.5 0 0 0 
0 0 0.3255 0.001 2.5 1 0.535944 1 2.5 0 0 0 
0 0 0.3265 0.001 2.5 1 0.535944 1 2.5 0 0 0 
0 0 0.3275 0.001 2.5 1 0.535944 1 2.5 0 0 0 
0 0 0.3285 0.001 2.5 1 0.535944 1 2.5 0 0 0 
0 0 0.3295 0.001 2.5 1 0.535944 1 2.5 0 0 0 
0 0 0.3305 0.001 2.5 1 0.535944 1 2.5 0 0 0 
0 0 0.3315 0.001 2.5 1 0.535944 1 2.5 0 0 0 
0 0 0.3325 0.001 2.5 1 0.535944 1 2.5 0 0 0 
0 0 0.3335 0.001 2.5 1 0.535944 1 2.5 0 0 0 
0 0 0.3345 0.001 2.5 1 0.535944 1 2.5 0 0 0 
0 0 0.3355 0.001 2.5 1 0.535944 1 2.5 0 0 0 
0 0 0.3365 0.001 2.5 1 0.535944 1 2.5 0 0 0 
0 0 0.3375 0.001 2.5 1 0.535944 1 2.5 0 0 0 
0 0 0.3385 0.001 2.5 1 0.535944 1 2.5 0 0 0 
0 0 0.3395 0.001 2.5 1 0.535944 1 2.5 0 0 0 
0 0 0.3405 0.001 2.5 1 0.535944 1 2.5 0 0 0 
0 0 0.3415 0.001 2.5 1 0.535944 1 2.5 0 0 0 
0 0 0.3425 0.001 2.5 1 0.535944 1 2.5 0 0 0 
0 0 0.3435 0.001 2.5 1 0.535944 1 2.5 0 0 0 
0 0 0.3445 0.001 2.5 1 0.535944 1 2.5 0 0 0 
0 0 0.3455 0.001 2.5 1 0.535944 1 2.5 0 0 0 
0 0 0.3465 0.001 2.5 1 0.535944 1 2.5 0 0 0 
0 0 0.3475 0.001 2.5 1 0.535944 1 2.5 0 0 0 
0 0 0.3485 0.001 2.5 1 0.535944 1 2.5 0 0 0 
0 0 0.3495 0.001 2.5 1 0.535944 1 2.5 0 0 0 
0 0 0.3505 0.001 2.5 1 0.535944 1 2.5 0 0 0 
0 0 0.3515 0.001 2.5 1 0.535944 1 2.5 0 0 0 
0 0 0.3525 0.001 2.5 1 0.535944 1 2.5 0 0 0 
0 0 0.3535 0.001 2.5 1 0.535944 1 2.5 0 0 0 
0 0 0.3545 0.001 2.5 1 0.535944 1 2.5 0 0 0 
0 0 0.3555 0.001 2.5 1 0.535944 1 2.5 0 0 0 
0 0 0.3565 0.001 2.5 1 0.535944 1 2.5 0 0 0 
0 0 0.3575 0.001 2.5 1 0.535944 1 2.5 0 0 0 
0 0 0.3585 0.001 2.5 1 0.535944 1 2.5 0 0 0 
0 0 0.3595 0.001 2.5 1 0.535944 1 2.5 0 0 0 
0 0 0.3605 0.001 2.5 1 0.535944 1 2.5 0 0 0 
0 0 0.3615 0.001 2.5 1 0.535944 1 2.5 0 0 0 
0 0 0.3625 0.001 2.5 1 0.535944 1 2.5 0 0 0 
0 0 0.3635 0.001 2.5 1 0.535944 1 2.5 0 0 0 
0 0 0.3645 0.001 2.5 1 0.535944 1 2.5 0 0 0 
0 0 0.3655 0.001 2.5 1 0.535944 1 2.5 0 0 0 
0 0 0.3665 0.001 2.5 1 0.535944 1 2.5 0 0 0 
0 0 0.3675 0.001 2.5 1 0.535944 1 2.5 0 0 0 
0 0 0.3685 0.001 2.5 1 0.535944 1 2.5 0 0 0 
0 0 0.3695 0.001 2.5 1 0.535944 1 2.5 0 0 0 
0 0 0.3705 0.001 2.5 1 0.535944 1 2.5 0 0 0 
0 0 0.3715 0.001 2.5 1 0.535944 1 2.5 0 0 0 
0 0 0.3725 0.001 2.5 1 0.535944 1 2.5 0 0 0 
0 0 0.3735 0.001 2.5 1 0.535944 1 2.5 0 0 0 
0 0 0.3745 0.001 2.5 1 0.535944 1 2.5 0 0 0 
0 0 0.3755 0.001 2.5 1 0.535944 1 2.5 0 0 0 
0 0 0.3765 0.001 2.5 1 0.535944 1 2.5 0 0 0 
0 0 0.3775 0.001 2.5 1 0.535944 1 2.5 0 0 0 
0 0 0.3785 0.001 2.5 1 0.535944 1 2.5 0 0 5.85511e-16 
0 0 0.3795 0.001 2.5 1 0.535944 1 2.5 0 0 1.78483e-14 
0 0 0.3805 0.001 2.5 1 0.535944 1 2.5 0 0 5.54347e-13 
0 0 0.3815 0.001 2.5 1 0.535944 1 2.5 0 0 1.71468e-11 
0 0 0.3825 0.001 2.5 1 0.535944 1 2.5 0 0 5.29197e-10 
0 0 0.3835 0.001 2.5 1 0.535944 1 2.5 0 0 1.63009e-08 
0 0 0.3845 0.001 2.5 0.999999 0.535944 1 2.5 0 0 5.0129e-07 
0 0 0.3855 0.001 2.49999 0.999982 0.535941 0.999987 2.49999 0 0 1.5847e-05 
0 0 0.3865 0.001 2.4996 0.999444 0.535845 0.999602 2.4996 0 0 0.000490131 
0 0 0.3875 0.001 2.4913 0.987847 0.532875 0.991295 2.4913 0 0 0.010937 
0 0 0.3885 0.001 2.46876 0.956943 0.51605 0.96905 2.46876 0 0 0.0392074 
0 0 0.3895 0.001 2.44554 0.925887 0.497953 0.946507 2.44554 0 0 0.0669214 
0 0 0.3905 0.001 2.42849 0.903578 0.485995 0.930184 2.42849 0 0 0.0867518 
0 0 0.3915 0.001 2.41751 0.889389 0.479279 0.919737 2.41751 0 0 0.0994242 
0 0 0.3925 0.001 2.41023 0.880069 0.474888 0.912848 2.41023 0 0 0.107786 
0 0 0.3935 0.001 2.40463 0.872946 0.47147 0.907568 2.40463 0 0 0.114358 
0 0 0.3945 0.001 2.39942 0.866349 0.468309 0.902666 2.39942 0 0 0.120598 
0 0 0.3955 0.001 2.39399 0.859515 0.465001 0.897577 2.39399 0 0 0.127162 
0 0 0.3965 0.001 2.38818 0.852244 0.46138 0.892147 2.38818 0 0 0.134229 
0 0 0.3975 0.001 2.38202 0.84458 0.457477 0.886412 2.38202 0 0 0.14173 
0 0 0.3985 0.001 2.37561 0.836658 0.453533 0.880469 2.37561 0 0 0.149532 
0 0 0.3995 0.001 2.36904 0.828605 0.449562 0.874409 2.36904 0 0 0.157519 
0 0 0.4005 0.001 2.3624 0.820507 0.445545 0.868299 2.3624 0 0 0.165607 
0 0 0.4015 0.001 2.35571 0.812418 0.441509 0.862178 2.35571 0 0 0.173748 
0 0 0.4025 0.001 2.34901 0.804367 0.437519 0.85607 2.34901 0 0 0.181917 
0 0 0.4035 0.001 2.34231 0.796369 0.433585 0.849983 2.34231 0 0 0.190102 
0 0 0.4045 0.001 2.33561 0.788431 0.42968 0.843925 2.33561 0 0 0.198296 
0 0 0.4055 0.001 2.32891 0.780556 0.425797 0.837899 2.32891 0 0 0.206497 
0 0 0.4065 0.001 2.32222 0.772747 0.421952 0.831905 2.32222 0 0 0.214703 
0 0 0.4075 0.001 2.31554 0.765002 0.418156 0.825944 2.31554 0 0 0.222911 
0 0 0.4085 0.001 2.30886 0.75732 0.414396 0.820014 2.30886 0 0 0.231119 
0 0 0.4095 0.001 2.3022 0.749701 0.410664 0.814115 2.3022 0 0 0.239326 
0 0 0.4105 0.001 2.29554 0.742146 0.406965 0.808249 2.29554 0 0 0.247533 
0 0 0.4115 0.001 2.28889 0.734657 0.403307 0.802418 2.28889 0 0 0.255742 
0 0 0.4125 0.001 2.28225 0.727235 0.399691 0.796621 2.28225 0 0 0.263953 
0 0 0.4135 0.001 2.27562 0.719877 0.396112 0.790859 2.27562 0 0 0.272166 
0 0 0.4145 0.001 2.269 0.712584 0.392565 0.78513 2.269 0 0 0.280379 
0 0 0.4155 0.001 2.26239 0.705354 0.389052 0.779434 2.26239 0 0 0.288592 
0 0 0.4165 0.001 2.25579 0.698187 0.385573 0.773771 2.25579 0 0 0.296804 
0 0 0.4175 0.001 2.2492 0.69108 0.382129 0.76814 2.2492 0 0 0.305014 
0 0 0.4185 0.001 2.24262 0.684035 0.378718 0.762541 2.24262 0 0 0.313222 
0 0 0.4195 0.001 2.23604 0.677052 0.375339 0.756975 2.23604 0 0 0.32143 
0 0 0.4205 0.001 2.22948 0.670131 0.371995 0.751442 2.22948 0 0 0.329638 
0 0 0.4215 0.001 2.22293 0.663273 0.368685 0.745944 2.22293 0 0 0.337848 
0 0 0.4225 0.001 2.21639 0.656477 0.36541 0.740479 2.21639 0 0 0.34606 
0 0 0.4235 0.001 2.20986 0.649741 0.362166 0.735046 2.20986 0 0 0.35427 
0 0 0.4245 0.001 2.20334 0.643063 0.358954 0.729645 2.20334 0 0 0.362479 
0 0 0.4255 0.001 2.19683 0.636444 0.355772 0.724275 2.19683 0 0 0.370685 
0 0 0.4265 0.001 2.19033 0.629882 0.352621 0.718936 2.19033 0 0 0.37889 
0 0 0.4275 0.001 2.18384 0.623379 0.349501 0.713628 2.18384 0 0 0.387093 
0 0 0.4285 0.001 2.17736 0.616935 0.346411 0.708353 2.17736 0 0 0.395296 
0 0 0.4295 0.001 2.17089 0.610549 0.343353 0.703111 2.17089 0 0 0.4035 
0 0 0.4305 0.001 2.16443 0.604222 0.340326 0.697901 2.16443 0 0 0.411705 
0 0 0.4315 0.001 2.15798 0.597953 0.337329 0.692724 2.15798 0 0 0.419911 
0 0 0.4325 0.001 2.15154 0.59174 0.334361 0.687577 2.15154 0 0 0.428117 
0 0 0.4335 0.001 2.14511 0.585582 0.331422 0.682461 2.14511 0 0 0.436319 
0 0 0.4345 0.001 2.13869 0.579477 0.32851 0.677374 2.13869 0 0 0.444518 
0 0 0.4355 0.001 2.13228 0.573426 0.325625 0.672316 2.13228 0 0 0.452715 
0 0 0.4365 0.001 2.12588 0.56743 0.322769 0.66729 2.12588 0 0 0.46091 
0 0 0.4375 0.001 2.11949 0.56149 0.319941 0.662295 2.11949 0 0 0.469107 
0 0 0.4385 0.001 2.11311 0.555606 0.317142 0.657332 2.11311 0 0 0.477306 
0 0 0.4395 0.001 2.10674 0.549776 0.314372 0.6524 2.10674 0 0 0.485506 
0 0 0.4405 0.001 2.10039 0.543999 0.311628 0.647499 2.10039 0 0 0.493705 
0 0 0.4415 0.001 2.09404 0.538274 0.308911 0.642626 2.09404 0 0 0.501903 
0 0 0.4425 0.001 2.0877 0.5326 0.30622 0.637783 2.0877 0 0 0.510098 
0 0 0.4435 0.001 2.08137 0.526977 0.303553 0.632967 2.08137 0 0 0.518291 
0 0 0.4445 0.001 2.07505 0.521404 0.300912 0.628181 2.07505 0 0 0.526482 
0 0 0.4455 0.001 2.06874 0.515881 0.298296 0.623424 2.06874 0 0 0.534673 
0 0 0.4465 0.001 2.06244 0.51041 0.295705 0.618697 2.06244 0 0 0.542864 
0 0 0.4475 0.001 2.05615 0.504991 0.29314 0.613999 2.05615 0 0 0.551058 
0 0 0.4485 0.001 2.04988 0.499623 0.2906 0.609332 2.04988 0 0 0.559253 
0 0 0.4495 0.001 2.04361 0.494304 0.288086 0.604694 2.04361 0 0 0.567449 
0 0 0.4505 0.001 2.03735 0.489033 0.285595 0.600083 2.03735 0 0 0.575644 
0 0 0.4515 0.001 2.0311 0.483808 0.283127 0.595499 2.0311 0 0 0.583837 
0 0 0.4525 0.001 2.02486 0.47863 0.280682 0.590942 2.02486 0 0 0.592027 
0 0 0.4535 0.001 2.01863 0.473498 0.278259 0.586411 2.01863 0 0 0.600217 
0 0 0.4545 0.001 2.0124 0.468414 0.275859 0.581909 2.0124 0 0 0.608407 
0 0 0.4555 0.001 2.00619 0.463377 0.273482 0.577434 2.00619 0 0 0.6166 
0 0 0.4565 0.001 1.99999 0.458388 0.271128 0.572989 1.99999 0 0 0.624795 
0 0 0.4575 0.001 1.99379 0.453445 0.268798 0.568571 1.99379 0 0 0.632993 
0 0 0.4585 0.001 1.98761 0.448549 0.266489 0.564181 1.98761 0 0 0.641193 
0 0 0.4595 0.001 1.98144 0.443696 0.264202 0.559817 1.98144 0 0 0.649393 
0 0 0.4605 0.001 1.97527 0.438888 0.261936 0.555478 1.97527 0 0 0.657593 
0 0 0.4615 0.001 1.96911 0.434122 0.25969 0.551165 1.96911 0 0 0.66579 
0 0 0.4625 0.001 1.96296 0.429398 0.257465 0.546877 1.96296 0 0 0.673987 
0 0 0.4635 0.001 1.95681 0.424718 0.255259 0.542615 1.95681 0 0 0.682183 
0 0 0.4645 0.001 1.95068 0.420082 0.253074 0.538379 1.95068 0 0 0.690381 
0 0 0.4655 0.001 1.94456 0.415491 0.250911 0.534172 1.94456 0 0 0.698583 
0 0 0.4665 0.001 1.93844 0.410944 0.248769 0.529991 1.93844 0 0 0.706788 
0 0 0.4675 0.001 1.93234 0.40644 0.246648 0.525838 1.93234 0 0 0.714995 
0 0 0.4685 0.001 1.92625 0.401979 0.244547 0.521711 1.92625 0 0 0.723202 
0 0 0.4695 0.001 1.92017 0.397558 0.242466 0.517608 1.92017 0 0 0.731407 
0 0 0.4705 0.001 1.91409 0.393179 0.240403 0.513531 1.91409 0 0 0.739608 
0 0 0.4715 0.001 1.90803 0.38884 0.238359 0.509479 1.90803 0 0 0.747805 
0 0 0.4725 0.001 1.90197 0.384543 0.236334 0.505452 1.90197 0 0 0.756 
0 0 0.4735 0.001 1.89593 0.380287 0.234329 0.501453 1.89593 0 0 0.764193 
0 0 0.4745 0.001 1.88989 0.376074 0.232343 0.49748 1.88989 0 0 0.772385 
0 0 0.4755 0.001 1.88388 0.371904 0.230377 0.493535 1.88388 0 0 0.780577 
0 0 0.4765 0.001 1.87787 0.367776 0.228431 0.489619 1.87787 0 0 0.788768 
0 0 0.4775 0.001 1.87188 0.36369 0.226505 0.485729 1.87188 0 0 0.796958 
0 0 0.4785 0.001 1.8659 0.359645 0.224598 0.481866 1.8659 0 0 0.805143 
0 0 0.4795 0.001 1.85993 0.355639 0.222709 0.478028 1.85993 0 0 0.813323 
0 0 0.4805 0.001 1.85397 0.351672 0.220837 0.474214 1.85397 0 0 0.821496 
0 0 0.4815 0.001 1.84802 0.347742 0.218982 0.470425 1.84802 0 0 0.829661 
0 0 0.4825 0.001 1.84208 0.343852 0.217144 0.466661 1.84208 0 0 0.837822 
0 0 0.4835 0.001 1.83616 0.34 0.215324 0.462923 1.83616 0 0 0.845982 
0 0 0.4845 0.001 1.83024 0.336187 0.213521 0.459211 1.83024 0 0 0.854144 
0 0 0.4855 0.001 1.82434 0.332413 0.211736 0.455525 1.82434 0 0 0.86231 
0 0 0.4865 0.001 1.81845 0.328675 0.209968 0.451862 1.81845 0 0 0.870482 
0 0 0.4875 0.001 1.81256 0.324969 0.208214 0.448218 1.81256 0 0 0.878665 
0 0 0.4885 0.001 1.80667 0.321291 0.206472 0.444591 1.80667 0 0 0.886863 
0 0 0.4895 0.001 1.80076 0.317635 0.204739 0.440973 1.80076 0 0 0.895089 
0 0 0.4905 0.001 1.79484 0.313997 0.203014 0.437361 1.79484 0 0 0.90335 
0 0 0.4915 0.001 1.78891 0.310385 0.201305 0.433763 1.78891 0 0 0.911622 
0 0 0.4925 0.001 1.78306 0.306855 0.199651 0.430236 1.78306 0 0 0.919757 
0 0 0.4935 0.001 1.77761 0.303588 0.198165 0.426961 1.77761 0 0 0.92728 
0 0 0.4945 0.001 1.77329 0.30101 0.197086 0.424366 1.77329 0 0 0.933069 
0 0 0.4955 0.001 1.77141 0.299856 0.196796 0.423189 1.77141 0 0 0.935222 
0 0 0.4965 0.001 1.7712 0.299789 0.196775 0.423144 1.7712 0 0 0.935326 
0 0 0.4975 0.001 1.77336 0.301004 0.197253 0.424343 1.77336 0 0 0.932061 
0 0 0.4985 0.001 1.77518 0.302446 0.198141 0.425937 1.77518 0 0 0.928681 
0 0 0.4995 0.001 1.77629 0.302765 0.198268 0.42612 1.77629 0 0 0.928303 
0 0 0.5005 0.001 1.77626 0.302698 0.198203 0.426033 1.77626 0 0 0.928477 
0 0 0.5015 0.001 1.77577 0.302373 0.197995 0.425694 1.77577 0 0 0.929285 
0 0 0.5025 0.001 1.77528 0.302208 0.197917 0.425577 1.77528 0 0 0.929599 
0 0 0.5035 0.001 1.77518 0.302221 0.197897 0.42562 1.77518 0 0 0.929589 
0 0 0.5045 0.001 1.77558 0.302497 0.197991 0.425915 1.77558 0 0 0.928843 
0 0 0.5055 0.001 1.77617 0.302842 0.19812 0.426257 1.77617 0 0 0.928009 
0 0 0.5065 0.001 1.77657 0.303003 0.198237 0.426387 1.77657 0 0 0.927724 
0 0 0.5075 0.001 1.77661 0.303029 0.19834 0.426414 1.77661 0 0 0.92771 
0 0 0.5085 0.001 1.77655 0.303014 0.19835 0.426408 1.77655 0 0 0.927769 
0 0 0.5095 0.001 1.77639 0.302949 0.198319 0.426355 1.77639 0 0 0.927936 
0 0 0.5105 0.001 1.77625 0.302886 0.198291 0.426301 1.77625 0 0 0.92806 
0 0 0.5115 0.001 1.77615 0.302863 0.198283 0.426291 1.77615 0 0 0.92806 
0 0 0.5125 0.001 1.77618 0.302876 0.198282 0.426303 1.77618 0 0 0.928002 
0 0 0.5135 0.001 1.77644 0.303017 0.198331 0.426438 1.77644 0 0 0.9276 
0 0 0.5145 0.001 1.77679 0.303195 0.198395 0.426606 1.77679 0 0 0.927154 
0 0 0.5155 0.001 1.77703 0.303304 0.198448 0.426702 1.77703 0 0 0.92693 
0 0 0.5165 0.001 1.77709 0.303327 0.198502 0.426718 1.77709 0 0 0.92692 
0 0 0.5175 0.001 1.77701 0.303317 0.19852 0.426723 1.77701 0 0 0.926956 
0 0 0.5185 0.001 1.7768 0.303232 0.198474 0.426654 1.7768 0 0 0.927188 
0 0 0.5195 0.001 1.77664 0.303149 0.198437 0.426575 1.77664 0 0 0.927394 
0 0 0.5205 0.001 1.77654 0.303125 0.198425 0.426566 1.77654 0 0 0.927415 
0 0 0.5215 0.001 1.77666 0.303199 0.19845 0.426641 1.77666 0 0 0.927204 
0 0 0.5225 0.001 1.77694 0.303362 0.198523 0.426805 1.77694 0 0 0.926807 
0 0 0.5235 0.001 1.77706 0.303445 0.198522 0.426892 1.77706 0 0 0.926637 
0 0 0.5245 0.001 1.77711 0.303454 0.198497 0.426892 1.77711 0 0 0.926636 
0 0 0.5255 0.001 1.77696 0.303368 0.19842 0.426807 1.77696 0 0 0.92688 
0 0 0.5265 0.001 1.77661 0.303178 0.198325 0.426624 1.77661 0 0 0.927355 
0 0 0.5275 0.001 1.77645 0.303041 0.198282 0.42647 1.77645 0 0 0.927687 
0 0 0.5285 0.001 1.77629 0.302999 0.198292 0.426449 1.77629 0 0 0.92774 
0 0 0.5295 0.001 1.77631 0.303023 0.198323 0.426478 1.77631 0 0 0.927672 
0 0 0.5305 0.001 1.7764 0.303101 0.198384 0.426565 1.7764 0 0 0.927473 
0 0 0.5315 0.001 1.77644 0.303149 0.198439 0.426624 1.77644 0 0 0.927352 
0 0 0.5325 0.001 1.77645 0.303163 0.198435 0.426642 1.77645 0 0 0.927311 
0 0 0.5335 0.001 1.77645 0.30317 0.19843 0.42665 1.77645 0 0 0.927289 
0 0 0.5345 0.001 1.77645 0.303171 0.198428 0.426652 1.77645 0 0 0.927294 
0 0 0.5355 0.001 1.77638 0.303144 0.198417 0.426633 1.77638 0 0 0.92739 
0 0 0.5365 0.001 1.77621 0.303062 0.198375 0.426556 1.77621 0 0 0.92764 
0 0 0.5375 0.001 1.77613 0.302992 0.198349 0.426477 1.77613 0 0 0.927873 
0 0 0.5385 0.001 1.77602 0.302979 0.198355 0.426485 1.77602 0 0 0.927892 
0 0 0.5395 0.001 1.77609 0.303026 0.198384 0.426535 1.77609 0 0 0.927751 
0 0 0.5405 0.001 1.77624 0.303106 0.198436 0.426611 1.77624 0 0 0.927524 
0 0 0.5415 0.001 1.77635 0.303157 0.198449 0.426657 1.77635 0 0 0.927352 
0 0 0.5425 0.001 1.7764 0.303179 0.19845 0.426674 1.7764 0 0 0.927245 
0 0 0.5435 0.001 1.77645 0.303198 0.198459 0.426692 1.77645 0 0 0.92717 
0 0 0.5445 0.001 1.77648 0.30321 0.198453 0.426702 1.77648 0 0 0.927158 
0 0 0.5455 0.001 1.77637 0.30319 0.19843 0.426699 1.77637 0 0 0.927226 
0 0 0.5465 0.001 1.77608 0.303087 0.19836 0.426624 1.77608 0 0 0.927512 
0 0 0.5475 0.001 1.77583 0.303003 0.198319 0.426566 1.77583 0 0 0.927735 
0 0 0.5485 0.001 1.77565 0.302989 0.198318 0.426589 1.77565 0 0 0.927755 
0 0 0.5495 0.001 1.7757 0.303043 0.198341 0.426654 1.7757 0 0 0.927581 
0 0 0.5505 0.001 1.77592 0.303151 0.198384 0.426753 1.77592 0 0 0.927304 
0 0 0.5515 0.001 1.77601 0.303202 0.198424 0.426801 1.77601 0 0 0.927159 
0 0 0.5525 0.001 1.77609 0.303215 0.198427 0.426801 1.77609 0 0 0.927131 
0 0 0.5535 0.001 1.77613 0.303224 0.198431 0.426803 1.77613 0 0 0.92713 
0 0 0.5545 0.001 1.77613 0.303227 0.19845 0.426809 1.77613 0 0 0.927156 
0 0 0.5555 0.001 1.77599 0.303171 0.198436 0.426764 1.77599 0 0 0.927348 
0 0 0.5565 0.001 1.77575 0.303052 0.198395 0.426654 1.77575 0 0 0.92767 
0 0 0.5575 0.001 1.77565 0.302997 0.198392 0.426601 1.77565 0 0 0.927786 
0 0 0.5585 0.001 1.77567 0.303013 0.198402 0.426617 1.77567 0 0 0.927744 
0 0 0.5595 0.001 1.77586 0.303127 0.198449 0.426733 1.77586 0 0 0.927437 
0 0 0.5605 0.001 1.77601 0.303208 0.198501 0.42681 1.77601 0 0 0.927244 
0 0 0.5615 0.001 1.77595 0.303207 0.198491 0.426823 1.77595 0 0 0.927207 
0 0 0.5625 0.001 1.77587 0.303193 0.198474 0.426823 1.77587 0 0 0.927214 
0 0 0.5635 0.001 1.7758 0.303202 0.198472 0.426853 1.7758 0 0 0.927189 
0 0 0.5645 0.001 1.77559 0.303199 0.19847 0.426899 1.77559 0 0 0.927184 
0 0 0.5655 0.001 1.77527 0.303107 0.198426 0.426845 1.77527 0 0 0.927452 
0 0 0.5665 0.001 1.77492 0.302974 0.198388 0.426742 1.77492 0 0 0.927769 
0 0 0.5675 0.001 1.7748 0.302966 0.198396 0.426761 1.7748 0 0 0.927858 
0 0 0.5685 0.001 1.77483 0.30303 0.198433 0.426844 1.77483 0 0 0.927712 
0 0 0.5695 0.001 1.77499 0.303138 0.198494 0.426957 1.77499 0 0 0.92747 
0 0 0.5705 0.001 1.77511 0.303199 0.198522 0.427014 1.77511 0 0 0.92736 
0 0 0.5715 0.001 1.77508 0.303208 0.198518 0.427034 1.77508 0 0 0.927294 
0 0 0.5725 0.001 1.77507 0.303213 0.198509 0.427043 1.77507 0 0 0.927226 
0 0 0.5735 0.001 1.77505 0.303217 0.198496 0.427055 1.77505 0 0 0.927171 
0 0 0.5745 0.001 1.77496 0.303196 0.19847 0.427046 1.77496 0 0 0.927217 
0 0 0.5755 0.001 1.7746 0.303065 0.198387 0.426949 1.7746 0 0 0.927534 
0 0 0.5765 0.001 1.77434 0.302962 0.198342 0.426867 1.77434 0 0 0.927795 
0 0 0.5775 0.001 1.77417 0.30294 0.198341 0.426875 1.77417 0 0 0.927848 
0 0 0.5785 0.001 1.77425 0.302995 0.198372 0.426934 1.77425 0 0 0.927704 
0 0 0.5795 0.001 1.77446 0.303109 0.198428 0.427044 1.77446 0 0 0.927425 
0 0 0.5805 0.001 1.77456 0.303166 0.198491 0.427099 1.77456 0 0 0.927279 
0 0 0.5815 0.001 1.77458 0.30316 0.1985 0.427086 1.77458 0 0 0.927244 
0 0 0.5825 0.001 1.77467 0.303154 0.198503 0.427057 1.77467 0 0 0.92723 
0 0 0.5835 0.001 1.7748 0.303199 0.198522 0.427088 1.7748 0 0 0.927108 
0 0 0.5845 0.001 1.77503 0.303237 0.198554 0.427088 1.77503 0 0 0.9271 
0 0 0.5855 0.001 1.77495 0.303147 0.198496 0.42698 1.77495 0 0 0.927383 
0 0 0.5865 0.001 1.775 0.303017 0.198436 0.426784 1.775 0 0 0.927699 
0 0 0.5875 0.001 1.77655 0.302955 0.198421 0.426326 1.77655 0 0 0.927876 
0 0 0.5885 0.001 1.7835 0.303002 0.198465 0.42473 1.7835 0 0 0.927763 
0 0 0.5895 0.001 1.809 0.30311 0.19854 0.41889 1.809 0 0 0.927462 
0 0 0.5905 0.001 1.86637 0.303196 0.198621 0.406131 1.86637 0 0 0.927224 
0 0 0.5915 0.001 1.96558 0.303213 0.198691 0.385653 1.96558 0 0 0.927204 
0 0 0.5925 0.001 2.11503 0.303202 0.198699 0.358389 2.11503 0 0 0.927264 
0 0 0.5935 0.001 2.31634 0.30322 0.198718 0.327262 2.31634 0 0 0.927203 
0 0 0.5945 0.001 2.55288 0.303244 0.198751 0.296963 2.55288 0 0 0.927094 
0 0 0.5955 0.001 2.77148 0.303144 0.198704 0.273449 2.77148 0 0 0.927093 
0 0 0.5965 0.001 2.87563 0.303088 0.198663 0.263497 2.87563 0 0 0.927405 
0 0 0.5975 0.001 2.88642 0.30308 0.198687 0.262505 2.88642 0 0 0.927782 
0 0 0.5985 0.001 2.88633 0.303015 0.198679 0.262457 2.88633 0 0 0.927945 
0 0 0.5995 0.001 2.88577 0.303053 0.198699 0.26254 2.88577 0 0 0.927801 
0 0 0.6005 0.001 2.88211 0.303103 0.198712 0.262918 2.88211 0 0 0.927585 
0 0 0.6015 0.001 2.87337 0.303157 0.198732 0.263765 2.87337 0 0 0.927368 
0 0 0.6025 0.001 2.86265 0.303198 0.198776 0.264788 2.86265 0 0 0.927273 
0 0 0.6035 0.001 2.85319 0.303203 0.19877 0.26567 2.85319 0 0 0.927313 
0 0 0.6045 0.001 2.84792 0.303177 0.198774 0.26614 2.84792 0 0 0.927233 
0 0 0.6055 0.001 2.84728 0.303167 0.198773 0.26619 2.84728 0 0 0.927179 
0 0 0.6065 0.001 2.84735 0.303187 0.198798 0.266202 2.84735 0 0 0.927096 
0 0 0.6075 0.001 2.84759 0.303184 0.198807 0.266176 2.84759 0 0 0.927091 
0 0 0.6085 0.001 2.84823 0.303134 0.198796 0.266072 2.84823 0 0 0.927257 
0 0 0.6095 0.001 2.84918 0.303046 0.198817 0.265907 2.84918 0 0 0.927507 
0 0 0.6105 0.001 2.85048 0.302967 0.199044 0.265715 2.85048 0 0 0.927693 
0 0 0.6115 0.001 2.85201 0.302938 0.199632 0.265547 2.85201 0 0 0.927756 
0 0 0.6125 0.001 2.85369 0.302989 0.199848 0.265436 2.85369 0 0 0.927716 
0 0 0.6135 0.001 2.8545 0.303058 0.199921 0.265422 2.8545 0 0 0.927613 
0 0 0.6145 0.001 2.85506 0.303146 0.199996 0.265446 2.85506 0 0 0.927427 
0 0 0.6155 0.001 2.85517 0.303195 0.200029 0.265479 2.85517 0 0 0.927281 
0 0 0.6165 0.001 2.85493 0.303184 0.200017 0.265492 2.85493 0 0 0.927249 
0 0 0.6175 0.001 2.85455 0.303161 0.200016 0.265507 2.85455 0 0 0.9273 
0 0 0.6185 0.001 2.85415 0.303156 0.200074 0.26554 2.85415 0 0 0.927334 
0 0 0.6195 0.001 2.85386 0.303183 0.200343 0.265591 2.85386 0 0 0.927249 
0 0 0.6205 0.001 2.85356 0.303199 0.201438 0.265632 2.85356 0 0 0.927221 
0 0 0.6215 0.001 2.85336 0.303176 0.206214 0.26563 2.85336 0 0 0.927323 
0 0 0.6225 0.001 2.85293 0.303091 0.227392 0.265596 2.85293 0 0 0.927599 
0 0 0.6235 0.001 2.85253 0.302997 0.321688 0.265552 2.85253 0 0 0.927789 
0 0 0.6245 0.001 2.85234 0.302946 0.614344 0.265524 2.85234 0 0 0.927755 
0 0 0.6255 0.001 2.85236 0.302921 0.731693 0.2655 2.85236 0 0 0.927562 
0 0 0.6265 0.001 2.85253 0.30295 0.744261 0.26551 2.85253 0 0 0.927316 
0 0 0.6275 0.001 2.85284 0.303009 0.745814 0.265533 2.85284 0 0 0.927079 
0 0 0.6285 0.001 2.85333 0.303092 0.746487 0.265559 2.85333 0 0 0.92698 
0 0 0.6295 0.001 2.85384 0.303178 0.747134 0.265588 2.85384 0 0 0.927185 
0 0 0.6305 0.001 2.85419 0.303249 0.747321 0.265617 2.85419 0 0 0.92756 
0 0 0.6315 0.001 2.85431 0.303267 0.747338 0.265622 2.85431 0 0 0.927733 
0 0 0.6325 0.001 2.85448 0.303307 0.747407 0.265641 2.85448 0 0 0.927689 
0 0 0.6335 0.001 2.85454 0.303343 0.747463 0.265668 2.85454 0 0 0.927544 
0 0 0.6345 0.001 2.85435 0.303274 0.74723 0.265624 2.85435 0 0 0.927498 
0 0 0.6355 0.001 2.85368 0.303065 0.746704 0.265504 2.85368 0 0 0.927397 
0 0 0.6365 0.001 2.85318 0.302904 0.746245 0.265409 2.85318 0 0 0.927368 
0 0 0.6375 0.001 2.85293 0.302842 0.745987 0.265378 2.85293 0 0 0.927392 
0 0 0.6385 0.001 2.85288 0.302865 0.745937 0.265402 2.85288 0 0 0.927345 
0 0 0.6395 0.001 2.85297 0.302947 0.745934 0.265466 2.85297 0 0 0.927343 
0 0 0.6405 0.001 2.85339 0.30314 0.746273 0.265596 2.85339 0 0 0.927512 
0 0 0.6415 0.001 2.85378 0.303344 0.747056 0.265739 2.85378 0 0 0.927665 
0 0 0.6425 0.001 2.85385 0.30343 0.747184 0.265807 2.85385 0 0 0.927702 
0 0 0.6435 0.001 2.85374 0.303388 0.746992 0.265781 2.85374 0 0 0.927836 
0 0 0.6445 0.001 2.85347 0.303316 0.746801 0.265744 2.85347 0 0 0.927887 
0 0 0.6455 0.001 2.85321 0.303211 0.746552 0.265676 2.85321 0 0 0.927438 
0 0 0.6465 0.001 2.85308 0.3031 0.746126 0.26559 2.85308 0 0 0.926826 
0 0 0.6475 0.001 2.85312 0.303054 0.745879 0.265546 2.85312 0 0 0.926692 
0 0 0.6485 0.001 2.85304 0.302959 0.745741 0.26547 2.85304 0 0 0.926956 
0 0 0.6495 0.001 2.85309 0.302885 0.745648 0.265401 2.85309 0 0 0.927413 
0 0 0.6505 0.001 2.85323 0.302945 0.745786 0.26544 2.85323 0 0 0.927571 
0 0 0.6515 0.001 2.8537 0.303057 0.745988 0.265495 2.8537 0 0 0.927614 
0 0 0.6525 0.001 2.85396 0.30312 0.746175 0.265525 2.85396 0 0 0.927635 
0 0 0.6535 0.001 2.85409 0.303158 0.746225 0.265547 2.85409 0 0 0.92757 
0 0 0.6545 0.001 2.85421 0.303226 0.746351 0.265596 2.85421 0 0 0.927336 
0 0 0.6555 0.001 2.85413 0.30323 0.746285 0.265607 2.85413 0 0 0.927146 
0 0 0.6565 0.001 2.85364 0.303133 0.746 0.265567 2.85364 0 0 0.927089 
0 0 0.6575 0.001 2.85338 0.303032 0.745759 0.265503 2.85338 0 0 0.926975 
0 0 0.6585 0.001 2.85348 0.303013 0.745671 0.265477 2.85348 0 0 0.926901 
0 0 0.6595 0.001 2.85367 0.30308 0.745789 0.265518 2.85367 0 0 0.926633 
0 0 0.6605 0.001 2.85359 0.303095 0.745972 0.265538 2.85359 0 0 0.926883 
0 0 0.6615 0.001 2.85328 0.303114 0.746321 0.265584 2.85328 0 0 0.927799 
0 0 0.6625 0.001 2.85311 0.30312 0.746371 0.265604 2.85311 0 0 0.928466 
0 0 0.6635 0.001 2.8535 0.303226 0.746669 0.265662 2.8535 0 0 0.928363 
0 0 0.6645 0.001 2.85381 0.303274 0.746796 0.265675 2.85381 0 0 0.928177 
0 0 0.6655 0.001 2.85357 0.303178 0.746507 0.265612 2.85357 0 0 0.927999 
0 0 0.6665 0.001 2.85238 0.30299 0.746016 0.26556 2.85238 0 0 0.927217 
0 0 0.6675 0.001 2.85213 0.302941 0.745616 0.265539 2.85213 0 0 0.926556 
0 0 0.6685 0.001 2.85257 0.302947 0.745546 0.265504 2.85257 0 0 0.926255 
0 0 0.6695 0.001 2.85348 0.302856 0.745188 0.26534 2.85348 0 0 0.926409 
0 0 0.6705 0.001 2.85373 0.302847 0.744919 0.265308 2.85373 0 0 0.92641 
0 0 0.6715 0.001 2.85314 0.30287 0.744787 0.265383 2.85314 0 0 0.926418 
0 0 0.6725 0.001 2.85279 0.303175 0.746412 0.265683 2.85279 0 0 0.927718 
0 0 0.6735 0.001 2.85397 0.303662 0.749796 0.266 2.85397 0 0 0.928007 
0 0 0.6745 0.001 2.84788 0.300489 0.747646 0.263784 2.84788 0 0 0.928136 
0 0 0.6755 0.001 2.57563 0.208998 0.548417 0.202861 2.57563 0 0 0.636964 
0 0 0.6765 0.001 2.01989 0.103288 0.22509 0.127839 2.01989 0 0 0.0251812 
0 0 0.6775 0.001 2.00005 0.100009 0.219523 0.125008 2.00005 0 0 6.55279e-05 
0 0 0.6785 0.001 2 0.1 0.219523 0.125 2 0 0 1.63812e-07 
0 0 0.6795 0.001 2 0.1 0.219523 0.125 2 0 0 4.59404e-10 
0 0 0.6805 0.001 2 0.1 0.219523 0.125 2 0 0 1.33888e-12 
0 0 0.6815 0.001 2 0.1 0.219523 0.125 2 0 0 3.34534e-15 
0 0 0.6825 0.001 2 0.1 0.219523 0.125 2 0 0 -2.07374e-16 
0 0 0.6835 0.001 2 0.1 0.219523 0.125 2 0 0 -4.59068e-17 
0 0 0.6845 0.001 2 0.1 0.219523 0.125 2 0 0 -7.36624e-17 
0 0 0.6855 0.001 2 0.1 0.219523 0.125 2 0 0 -1.01418e-16 
0 0 0.6865 0.001 2 0.1 0.219523 0.125 2 0 0 -1.56929e-16 
0 0 0.6875 0.001 2 0.1 0.219523 0.125 2 0 0 -7.36624e-17 
0 0 0.6885 0.001 2 0.1 0.219523 0.125 2 0 0 -1.2664e-16 
0 0 0.6895 0.001 2 0.1 0.219523 0.125 2 0 0 -1.87218e-16 
0 0 0.6905 0.001 2 0.1 0.219523 0.125 2 0 0 -1.29174e-16 
0 0 0.6915 0.001 2 0.1 0.219523 0.125 2 0 0 -1.84685e-16 
0 0 0.6925 0.001 2 0.1 0.219523 0.125 2 0 0 -2.1244e-16 
0 0 0.6935 0.001 2 0.1 0.219523 0.125 2 0 0 -1.56929e-16 
0 0 0.6945 0.001 2 0.1 0.219523 0.125 2 0 0 -2.1244e-16 
0 0 0.6955 0.001 2 0.1 0.219523 0.125 2 0 0 -1.84685e-16 
0 0 0.6965 0.001 2 0.1 0.219523 0.125 2 0 0 -2.1244e-16 
0 0 0.6975 0.001 2 0.1 0.219523 0.125 2 0 0 -2.67951e-16 
0 0 0.6985 0.001 2 0.1 0.219523 0.125 2 0 0 -1.56929e-16 
0 0 0.6995 0.001 2 0.1 0.219523 0.125 2 0 0 -2.40196e-16 
0 0 0.7005 0.001 2 0.1 0.219523 0.125 2 0 0 -2.67951e-16 
0 0 0.7015 0.001 2 0.1 0.219523 0.125 2 0 0 -2.1244e-16 
0 0 0.7025 0.001 2 0.1 0.219523 0.125 2 0 0 -2.09907e-16 
0 0 0.7035 0.001 2 0.1 0.219523 0.125 2 0 0 -2.56849e-16 
0 0 0.7045 0.001 2 0.1 0.219523 0.125 2 0 0 -2.40196e-16 
0 0 0.7055 0.001 2 0.1 0.219523 0.125 2 0 0 -2.67951e-16 
0 0 0.7065 0.001 2 0.1 0.219523 0.125 2 0 0 -2.95707e-16 
0 0 0.7075 0.001 2 0.1 0.219523 0.125 2 0 0 -2.95707e-16 
0 0 0.7085 0.001 2 0.1 0.219523 0.125 2 0 0 -3.23463e-16 
0 0 0.7095 0.001 2 0.1 0.219523 0.125 2 0 0 -3.78974e-16 
0 0 0.7105 0.001 2 0.1 0.219523 0.125 2 0 0 -4.34485e-16 
0 0 0.7115 0.001 2 0.1 0.219523 0.125 2 0 0 -2.95707e-16 
0 0 0.7125 0.001 2 0.1 0.219523 0.125 2 0 0 -2.1244e-16 
0 0 0.7135 0.001 2 0.1 0.219523 0.125 2 0 0 -2.95707e-16 
0 0 0.7145 0.001 2 0.1 0.219523 0.125 2 0 0 -2.40196e-16 
0 0 0.7155 0.001 2 0.1 0.219523 0.125 2 0 0 -2.40196e-16 
0 0 0.7165 0.001 2 0.1 0.219523 0.125 2 0 0 -2.1244e-16 
0 0 0.7175 0.001 2 0.1 0.219523 0.125 2 0 0 -1.84685e-16 
0 0 0.7185 0.001 2 0.1 0.219523 0.125 2 0 0 -2.67951e-16 
0 0 0.7195 0.001 2 0.1 0.219523 0.125 2 0 0 -2.95707e-16 
0 0 0.7205 0.001 2 0.1 0.219523 0.125 2 0 0 -2.67951e-16 
0 0 0.7215 0.001 2 0.1 0.219523 0.125 2 0 0 -3.51218e-16 
0 0 0.7225 0.001 2 0.1 0.219523 0.125 2 0 0 -2.67951e-16 
0 0 0.7235 0.001 2 0.1 0.219523 0.125 2 0 0 -2.67951e-16 
0 0 0.7245 0.001 2 0.1 0.219523 0.125 2 0 0 -2.67951e-16 
0 0 0.7255 0.001 2 0.1 0.219523 0.125 2 0 0 -2.95707e-16 
0 0 0.7265 0.001 2 0.1 0.219523 0.125 2 0 0 -2.40196e-16 
0 0 0.7275 0.001 2 0.1 0.219523 0.125 2 0 0 -2.67951e-16 
0 0 0.7285 0.001 2 0.1 0.219523 0.125 2 0 0 -2.40196e-16 
0 0 0.7295 0.001 2 0.1 0.219523 0.125 2 0 0 -2.40196e-16 
0 0 0.7305 0.001 2 0.1 0.219523 0.125 2 0 0 -2.37663e-16 
0 0 0.7315 0.001 2 0.1 0.219523 0.125 2 0 0 -1.79618e-16 
0 0 0.7325 0.001 2 0.1 0.219523 0.125 2 0 0 -1.24107e-16 
0 0 0.7335 0.001 2 0.1 0.219523 0.125 2 0 0 -1.82151e-16 
0 0 0.7345 0.001 2 0.1 0.219523 0.125 2 0 0 -1.84685e-16 
0 0 0.7355 0.001 2 0.1 0.219523 0.125 2 0 0 -1.54396e-16 
0 0 0.7365 0.001 2 0.1 0.219523 0.125 2 0 0 -2.09907e-16 
0 0 0.7375 0.001 2 0.1 0.219523 0.125 2 0 0 -2.09907e-16 
0 0 0.7385 0.001 2 0.1 0.219523 0.125 2 0 0 -2.09907e-16 
0 0 0.7395 0.001 2 0.1 0.219523 0.125 2 0 0 -1.24107e-16 
0 0 0.7405 0.001 2 0.1 0.219523 0.125 2 0 0 -1.2664e-16 
0 0 0.7415 0.001 2 0.1 0.219523 0.125 2 0 0 -1.29174e-16 
0 0 0.7425 0.001 2 0.1 0.219523 0.125 2 0 0 -1.82151e-16 
0 0 0.7435 0.001 2 0.1 0.219523 0.125 2 0 0 -1.51863e-16 
0 0 0.7445 0.001 2 0.1 0.219523 0.125 2 0 0 -2.09907e-16 
0 0 0.7455 0.001 2 0.1 0.219523 0.125 2 0 0 -2.09907e-16 
0 0 0.7465 0.001 2 0.1 0.219523 0.125 2 0 0 -2.95707e-16 
0 0 0.7475 0.001 2 0.1 0.219523 0.125 2 0 0 -2.42729e-16 
0 0 0.7485 0.001 2 0.1 0.219523 0.125 2 0 0 -9.88847e-17 
0 0 0.7495 0.001 2 0.1 0.219523 0.125 2 0 0 -1.24107e-16 
0 0 0.7505 0.001 2 0.1 0.219523 0.125 2 0 0 -1.24107e-16 
0 0 0.7515 0.001 2 0.1 0.219523 0.125 2 0 0 -1.51863e-16 
0 0 0.7525 0.001 2 0.1 0.219523 0.125 2 0 0 -1.82151e-16 
0 0 0.7535 0.001 2 0.1 0.219523 0.125 2 0 0 -1.24107e-16 
0 0 0.7545 0.001 2 0.1 0.219523 0.125 2 0 0 -1.77085e-16 
0 0 0.7555 0.001 2 0.1 0.219523 0.125 2 0 0 -1.51863e-16 
0 0 0.7565 0.001 2 0.1 0.219523 0.125 2 0 0 -1.24107e-16 
0 0 0.7575 0.001 2 0.1 0.219523 0.125 2 0 0 -6.85958e-17 
0 0 0.7585 0.001 2 0.1 0.219523 0.125 2 0 0 -9.88847e-17 
0 0 0.7595 0.001 2 0.1 0.219523 0.125 2 0 0 -7.11291e-17 
0 0 0.7605 0.001 2 0.1 0.219523 0.125 2 0 0 -7.36624e-17 
0 0 0.7615 0.001 2 0.1 0.219523 0.125 2 0 0 -1.29174e-16 
0 0 0.7625 0.001 2 0.1 0.219523 0.125 2 0 0 -9.63514e-17 
0 0 0.7635 0.001 2 0.1 0.219523 0.125 2 0 0 -1.2664e-16 
0 0 0.7645 0.001 2 0.1 0.219523 0.125 2 0 0 -1.81512e-17 
0 0 0.7655 0.001 2 0.1 0.219523 0.125 2 0 0 9.28711e-17 
0 0 0.7665 0.001 2 0.1 0.219523 0.125 2 0 0 9.60436e-18 
0 0 0.7675 0.001 2 0.1 0.219523 0.125 2 0 0 3.73599e-17 
0 0 0.7685 0.001 2 0.1 0.219523 0.125 2 0 0 1.21376e-17 
0 0 0.7695 0.001 2 0.1 0.219523 0.125 2 0 0 3.98932e-17 
0 0 0.7705 0.001 2 0.1 0.219523 0.125 2 0 0 3.98932e-17 
0 0 0.7715 0.001 2 0.1 0.219523 0.125 2 0 0 6.76488e-17 
0 0 0.7725 0.001 2 0.1 0.219523 0.125 2 0 0 1.21376e-17 
0 0 0.7735 0.001 2 0.1 0.219523 0.125 2 0 0 1.21376e-17 
0 0 0.7745 0.001 2 0.1 0.219523 0.125 2 0 0 -4.33735e-17 
0 0 0.7755 0.001 2 0.1 0.219523 0.125 2 0 0 -4.33735e-17 
0 0 0.7765 0.001 2 0.1 0.219523 0.125 2 0 0 -4.33735e-17 
0 0 0.7775 0.001 2 0.1 0.219523 0.125 2 0 0 -4.33735e-17 
0 0 0.7785 0.001 2 0.1 0.219523 0.125 2 0 0 -4.33735e-17 
0 0 0.7795 0.001 2 0.1 0.219523 0.125 2 0 0 -1.59462e-16 
0 0 0.7805 0.001 2 0.1 0.219523 0.125 2 0 0 -1.06484e-16 
0 0 0.7815 0.001 2 0.1 0.219523 0.125 2 0 0 -9.88847e-17 
0 0 0.7825 0.001 2 0.1 0.219523 0.125 2 0 0 -6.85958e-17 
0 0 0.7835 0.001 2 0.1 0.219523 0.125 2 0 0 -6.85958e-17 
0 0 0.7845 0.001 2 0.1 0.219523 0.125 2 0 0 -1.56929e-16 
0 0 0.7855 0.001 2 0.1 0.219523 0.125 2 0 0 -1.59462e-16 
0 0 0.7865 0.001 2 0.1 0.219523 0.125 2 0 0 -1.79618e-16 
0 0 0.7875 0.001 2 0.1 0.219523 0.125 2 0 0 -1.49329e-16 
0 0 0.7885 0.001 2 0.1 0.219523 0.125 2 0 0 -9.38181e-17 
0 0 0.7895 0.001 2 0.1 0.219523 0.125 2 0 0 -9.63514e-17 
0 0 0.7905 0.001 2 0.1 0.219523 0.125 2 0 0 -1.56179e-17 
0 0 0.7915 0.001 2 0.1 0.219523 0.125 2 0 0 -4.33735e-17 
0 0 0.7925 0.001 2 0.1 0.219523 0.125 2 0 0 -6.85958e-17 
0 0 0.7935 0.001 2 0.1 0.219523 0.125 2 0 0 -9.63514e-17 
0 0 0.7945 0.001 2 0.1 0.219523 0.125 2 0 0 -1.2664e-16 
0 0 0.7955 0.001 2 0.1 0.219523 0.125 2 0 0 -1.82151e-16 
0 0 0.7965 0.001 2 0.1 0.219523 0.125 2 0 0 -1.2664e-16 
0 0 0.7975 0.001 2 0.1 0.219523 0.125 2 0 0 -1.54396e-16 
0 0 0.7985 0.001 2 0.1 0.219523 0.125 2 0 0 -9.88847e-17 
0 0 0.7995 0.001 2 0.1 0.219523 0.125 2 0 0 -2.42729e-16 
0 0 0.8005 0.001 2 0.1 0.219523 0.125 2 0 0 -2.40196e-16 
0 0 0.8015 0.001 2 0.1 0.219523 0.125 2 0 0 -1.56929e-16 
0 0 0.8025 0.001 2 0.1 0.219523 0.125 2 0 0 -6.85958e-17 
0 0 0.8035 0.001 2 0.1 0.219523 0.125 2 0 0 -1.79618e-16 
0 0 0.8045 0.001 2 0.1 0.219523 0.125 2 0 0 -3.23463e-16 
0 0 0.8055 0.001 2 0.1 0.219523 0.125 2 0 0 -1.29174e-16 
0 0 0.8065 0.001 2 0.1 0.219523 0.125 2 0 0 6.76488e-17 
0 0 0.8075 0.001 2 0.1 0.219523 0.125 2 0 0 -9.88847e-17 
0 0 0.8085 0.001 2 0.1 0.219523 0.125 2 0 0 -2.62885e-16 
0 0 0.8095 0.001 2 0.1 0.219523 0.125 2 0 0 -1.87218e-16 
0 0 0.8105 0.001 2 0.1 0.219523 0.125 2 0 0 -1.81512e-17 
0 0 0.8115 0.001 2 0.1 0.219523 0.125 2 0 0 -9.63514e-17 
0 0 0.8125 0.001 2 0.1 0.219523 0.125 2 0 0 -9.88847e-17 
0 0 0.8135 0.001 2 0.1 0.219523 0.125 2 0 0 -1.2664e-16 
0 0 0.8145 0.001 2 0.1 0.219523 0.125 2 0 0 -1.82151e-16 
0 0 0.8155 0.001 2 0.1 0.219523 0.125 2 0 0 -2.37663e-16 
0 0 0.8165 0.001 2 0.1 0.219523 0.125 2 0 0 -2.1244e-16 
0 0 0.8175 0.001 2 0.1 0.219523 0.125 2 0 0 -2.1244e-16 
0 0 0.8185 0.001 2 0.1 0.219523 0.125 2 0 0 -2.1244e-16 
0 0 0.8195 0.001 2 0.1 0.219523 0.125 2 0 0 -2.67951e-16 
0 0 0.8205 0.001 2 0.1 0.219523 0.125 2 0 0 -1.87218e-16 
0 0 0.8215 0.001 2 0.1 0.219523 0.125 2 0 0 -1.31707e-16 
0 0 0.8225 0.001 2 0.1 0.219523 0.125 2 0 0 -1.56929e-16 
0 0 0.8235 0.001 2 0.1 0.219523 0.125 2 0 0 -2.1244e-16 
0 0 0.8245 0.001 2 0.1 0.219523 0.125 2 0 0 -2.1244e-16 
0 0 0.8255 0.001 2 0.1 0.219523 0.125 2 0 0 -2.1244e-16 
0 0 0.8265 0.001 2 0.1 0.219523 0.125 2 0 0 -2.40196e-16 
0 0 0.8275 0.001 2 0.1 0.219523 0.125 2 0 0 -2.1244e-16 
0 0 0.8285 0.001 2 0.1 0.219523 0.125 2 0 0 -2.40196e-16 
0 0 0.8295 0.001 2 0.1 0.219523 0.125 2 0 0 -2.67951e-16 
0 0 0.8305 0.001 2 0.1 0.219523 0.125 2 0 0 -2.1244e-16 
0 0 0.8315 0.001 2 0.1 0.219523 0.125 2 0 0 -2.09907e-16 
0 0 0.8325 0.001 2 0.1 0.219523 0.125 2 0 0 -2.56849e-16 
0 0 0.8335 0.001 2 0.1 0.219523 0.125 2 0 0 -2.40196e-16 
0 0 0.8345 0.001 2 0.1 0.219523 0.125 2 0 0 -2.67951e-16 
0 0 0.8355 0.001 2 0.1 0.219523 0.125 2 0 0 -2.95707e-16 
0 0 0.8365 0.001 2 0.1 0.219523 0.125 2 0 0 -2.95707e-16 
0 0 0.8375 0.001 2 0.1 0.219523 0.125 2 0 0 -3.23463e-16 
0 0 0.8385 0.001 2 0.1 0.219523 0.125 2 0 0 -3.78974e-16 
0 0 0.8395 0.001 2 0.1 0.219523 0.125 2 0 0 -4.34485e-16 
0 0 0.8405 0.001 2 0.1 0.219523 0.125 2 0 0 -2.95707e-16 
0 0 0.8415 0.001 2 0.1 0.219523 0.125 2 0 0 -2.1244e-16 
0 0 0.8425 0.001 2 0.1 0.219523 0.125 2 0 0 -2.95707e-16 
0 0 0.8435 0.001 2 0.1 0.219523 0.125 2 0 0 -2.40196e-16 
0 0 0.8445 0.001 2 0.1 0.219523 0.125 2 0 0 -2.40196e-16 
0 0 0.8455 0.001 2 0.1 0.219523 0.125 2 0 0 -2.1244e-16 
0 0 0.8465 0.001 2 0.1 0.219523 0.125 2 0 0 -1.84685e-16 
0 0 0.8475 0.001 2 0.1 0.219523 0.125 2 0 0 -2.67951e-16 
0 0 0.8485 0.001 2 0.1 0.219523 0.125 2 0 0 -2.95707e-16 
0 0 0.8495 0.001 2 0.1 0.219523 0.125 2 0 0 -2.67951e-16 
0 0 0.8505 0.001 2 0.1 0.219523 0.125 2 0 0 -3.51218e-16 
0 0 0.8515 0.001 2 0.1 0.219523 0.125 2 0 0 -2.67951e-16 
0 0 0.8525 0.001 2 0.1 0.219523 0.125 2 0 0 -2.67951e-16 
0 0 0.8535 0.001 2 0.1 0.219523 0.125 2 0 0 -2.67951e-16 
0 0 0.8545 0.001 2 0.1 0.219523 0.125 2 0 0 -2.95707e-16 
0 0 0.8555 0.001 2 0.1 0.219523 0.125 2 0 0 -2.40196e-16 
0 0 0.8565 0.001 2 0.1 0.219523 0.125 2 0 0 -2.67951e-16 
0 0 0.8575 0.001 2 0.1 0.219523 0.125 2 0 0 -2.40196e-16 
0 0 0.8585 0.001 2 0.1 0.219523 0.125 2 0 0 -2.40196e-16 
0 0 0.8595 0.001 2 0.1 0.219523 0.125 2 0 0 -2.95707e-16 
0 0 0.8605 0.001 2 0.1 0.219523 0.125 2 0 0 -2.67951e-16 
0 0 0.8615 0.001 2 0.1 0.219523 0.125 2 0 0 -2.67951e-16 
0 0 0.8625 0.001 2 0.1 0.219523 0.125 2 0 0 -3.23463e-16 
0 0 0.8635 0.001 2 0.1 0.219523 0.125 2 0 0 -2.67951e-16 
0 0 0.8645 0.001 2 0.1 0.219523 0.125 2 0 0 -3.51218e-16 
0 0 0.8655 0.001 2 0.1 0.219523 0.125 2 0 0 -3.78974e-16 
0 0 0.8665 0.001 2 0.1 0.219523 0.125 2 0 0 -2.95707e-16 
0 0 0.8675 0.001 2 0.1 0.219523 0.125 2 0 0 -2.1244e-16 
0 0 0.8685 0.001 2 0.1 0.219523 0.125 2 0 0 -2.40196e-16 
0 0 0.8695 0.001 2 0.1 0.219523 0.125 2 0 0 -2.95707e-16 
0 0 0.8705 0.001 2 0.1 0.219523 0.125 2 0 0 -2.93174e-16 
0 0 0.8715 0.001 2 0.1 0.219523 0.125 2 0 0 -1.79618e-16 
0 0 0.8725 0.001 2 0.1 0.219523 0.125 2 0 0 -2.09907e-16 
0 0 0.8735 0.001 2 0.1 0.219523 0.125 2 0 0 -1.82151e-16 
0 0 0.8745 0.001 2 0.1 0.219523 0.125 2 0 0 -1.24107e-16 
0 0 0.8755 0.001 2 0.1 0.219523 0.125 2 0 0 -1.54396e-16 
0 0 0.8765 0.001 2 0.1 0.219523 0.125 2 0 0 -1.24107e-16 
0 0 0.8775 0.001 2 0.1 0.219523 0.125 2 0 0 -1.54396e-16 
0 0 0.8785 0.001 2 0.1 0.219523 0.125 2 0 0 -1.2664e-16 
0 0 0.8795 0.001 2 0.1 0.219523 0.125 2 0 0 -9.88847e-17 
0 0 0.8805 0.001 2 0.1 0.219523 0.125 2 0 0 -9.88847e-17 
0 0 0.8815 0.001 2 0.1 0.219523 0.125 2 0 0 -1.2664e-16 
0 0 0.8825 0.001 2 0.1 0.219523 0.125 2 0 0 -9.88847e-17 
0 0 0.8835 0.001 2 0.1 0.219523 0.125 2 0 0 -1.56179e-17 
0 0 0.8845 0.001 2 0.1 0.219523 0.125 2 0 0 -4.33735e-17 
0 0 0.8855 0.001 2 0.1 0.219523 0.125 2 0 0 -7.11291e-17 
0 0 0.8865 0.001 2 0.1 0.219523 0.125 2 0 0 -1.56179e-17 
0 0 0.8875 0.001 2 0.1 0.219523 0.125 2 0 0 -9.88847e-17 
0 0 0.8885 0.001 2 0.1 0.219523 0.125 2 0 0 -1.56179e-17 
0 0 0.8895 0.001 2 0.1 0.219523 0.125 2 0 0 3.98932e-17 
0 0 0.8905 0.001 2 0.1 0.219523 0.125 2 0 0 -1.56179e-17 
0 0 0.8915 0.001 2 0.1 0.219523 0.125 2 0 0 -1.56929e-16 
0 0 0.8925 0.001 2 0.1 0.219523 0.125 2 0 0 1.21376e-17 
0 0 0.8935 0.001 2 0.1 0.219523 0.125 2 0 0 3.73599e-17 
0 0 0.8945 0.001 2 0.1 0.219523 0.125 2 0 0 6.51155e-17 
0 0 0.8955 0.001 2 0.1 0.219523 0.125 2 0 0 -1.56179e-17 
0 0 0.8965 0.001 2 0.1 0.219523 0.125 2 0 0 -4.33735e-17 
0 0 0.8975 0.001 2 0.1 0.219523 0.125 2 0 0 1.21376e-17 
0 0 0.8985 0.001 2 0.1 0.219523 0.125 2 0 0 1.21376e-17 
0 0 0.8995 0.001 2 0.1 0.219523 0.125 2 0 0 -1.56179e-17 
0 0 0.9005 0.001 2 0.1 0.219523 0.125 2 0 0 -4.33735e-17 
0 0 0.9015 0.001 2 0.1 0.219523 0.125 2 0 0 -1.56179e-17 
0 0 0.9025 0.001 2 0.1 0.219523 0.125 2 0 0 -1.56179e-17 
0 0 0.9035 0.001 2 0.1 0.219523 0.125 2 0 0 1.21376e-17 
0 0 0.9045 0.001 2 0.1 0.219523 0.125 2 0 0 1.21376e-17 
0 0 0.9055 0.001 2 0.1 0.219523 0.125 2 0 0 1.21376e-17 
0 0 0.9065 0.001 2 0.1 0.219523 0.125 2 0 0 -1.01418e-16 
0 0 0.9075 0.001 2 0.1 0.219523 0.125 2 0 0 -7.36624e-17 
0 0 0.9085 0.001 2 0.1 0.219523 0.125 2 0 0 3.98932e-17 
0 0 0.9095 0.001 2 0.1 0.219523 0.125 2 0 0 -1.81512e-17 
0 0 0.9105 0.001 2 0.1 0.219523 0.125 2 0 0 -1.56929e-16 
0 0 0.9115 0.001 2 0.1 0.219523 0.125 2 0 0 -1.82151e-16 
0 0 0.9125 0.001 2 0.1 0.219523 0.125 2 0 0 -4.08402e-17 
0 0 0.9135 0.001 2 0.1 0.219523 0.125 2 0 0 -1.81512e-17 
0 0 0.9145 0.001 2 0.1 0.219523 0.125 2 0 0 -4.33735e-17 
0 0 0.9155 0.001 2 0.1 0.219523 0.125 2 0 0 -1.24107e-16 
0 0 0.9165 0.001 2 0.1 0.219523 0.125 2 0 0 -7.11291e-17 
0 0 0.9175 0.001 2 0.1 0.219523 0.125 2 0 0 -7.36624e-17 
0 0 0.9185 0.001 2 0.1 0.219523 0.125 2 0 0 -1.54396e-16 
0 0 0.9195 0.001 2 0.1 0.219523 0.125 2 0 0 -9.88847e-17 
0 0 0.9205 0.001 2 0.1 0.219523 0.125 2 0 0 4.24265e-17 
0 0 0.9215 0.001 2 0.1 0.219523 0.125 2 0 0 -6.85958e-17 
0 0 0.9225 0.001 2 0.1 0.219523 0.125 2 0 0 -7.11291e-17 
0 0 0.9235 0.001 2 0.1 0.219523 0.125 2 0 0 -7.36624e-17 
0 0 0.9245 0.001 2 0.1 0.219523 0.125 2 0 0 -1.01418e-16 
0 0 0.9255 0.001 2 0.1 0.219523 0.125 2 0 0 -2.07374e-16 
0 0 0.9265 0.001 2 0.1 0.219523 0.125 2 0 0 -2.70485e-16 
0 0 0.9275 0.001 2 0.1 0.219523 0.125 2 0 0 -4.59068e-17 
0 0 0.9285 0.001 2 0.1 0.219523 0.125 2 0 0 -1.2664e-16 
0 0 0.9295 0.001 2 0.1 0.219523 0.125 2 0 0 -1.29174e-16 
0 0 0.9305 0.001 2 0.1 0.219523 0.125 2 0 0 -7.36624e-17 
0 0 0.9315 0.001 2 0.1 0.219523 0.125 2 0 0 -7.36624e-17 
0 0 0.9325 0.001 2 0.1 0.219523 0.125 2 0 0 -1.56179e-17 
0 0 0.9335 0.001 2 0.1 0.219523 0.125 2 0 0 -7.36624e-17 
0 0 0.9345 0.001 2 0.1 0.219523 0.125 2 0 0 -1.84685e-16 
0 0 0.9355 0.001 2 0.1 0.219523 0.125 2 0 0 -1.51863e-16 
0 0 0.9365 0.001 2 0.1 0.219523 0.125 2 0 0 -1.56929e-16 
0 0 0.9375 0.001 2 0.1 0.219523 0.125 2 0 0 -1.01418e-16 
0 0 0.9385 0.001 2 0.1 0.219523 0.125 2 0 0 -1.29174e-16 
0 0 0.9395 0.001 2 0.1 0.219523 0.125 2 0 0 -2.07374e-16 
0 0 0.9405 0.001 2 0.1 0.219523 0.125 2 0 0 -1.51863e-16 
0 0 0.9415 0.001 2 0.1 0.219523 0.125 2 0 0 -2.07374e-16 
0 0 0.9425 0.001 2 0.1 0.219523 0.125 2 0 0 -2.14974e-16 
0 0 0.9435 0.001 2 0.1 0.219523 0.125 2 0 0 -4.59068e-17 
0 0 0.9445 0.001 2 0.1 0.219523 0.125 2 0 0 -1.84685e-16 
0 0 0.9455 0.001 2 0.1 0.219523 0.125 2 0 0 -2.1244e-16 
0 0 0.9465 0.001 2 0.1 0.219523 0.125 2 0 0 -2.1244e-16 
0 0 0.9475 0.001 2 0.1 0.219523 0.125 2 0 0 -1.84685e-16 
0 0 0.9485 0.001 2 0.1 0.219523 0.125 2 0 0 -2.1244e-16 
0 0 0.9495 0.001 2 0.1 0.219523 0.125 2 0 0 -6.85958e-17 
0 0 0.9505 0.001 2 0.1 0.219523 0.125 2 0 0 -1.51863e-16 
0 0 0.9515 0.001 2 0.1 0.219523 0.125 2 0 0 -4.08402e-17 
0 0 0.9525 0.001 2 0.1 0.219523 0.125 2 0 0 -1.24107e-16 
0 0 0.9535 0.001 2 0.1 0.219523 0.125 2 0 0 -1.2664e-16 
0 0 0.9545 0.001 2 0.1 0.219523 0.125 2 0 0 -1.29174e-16 
0 0 0.9555 0.001 2 0.1 0.219523 0.125 2 0 0 -1.56929e-16 
0 0 0.9565 0.001 2 0.1 0.219523 0.125 2 0 0 -1.82151e-16 
0 0 0.9575 0.001 2 0.1 0.219523 0.125 2 0 0 -2.1244e-16 
0 0 0.9585 0.001 2 0.1 0.219523 0.125 2 0 0 -1.54396e-16 
0 0 0.9595 0.001 2 0.1 0.219523 0.125 2 0 0 -1.4076e-16 
0 0 0.9605 0.001 2 0.1 0.219523 0.125 2 0 0 -1.84685e-16 
0 0 0.9615 0.001 2 0.1 0.219523 0.125 2 0 0 -2.40196e-16 
0 0 0.9625 0.001 2 0.1 0.219523 0.125 2 0 0 -1.56929e-16 
0 0 0.9635 0.001 2 0.1 0.219523 0.125 2 0 0 -1.84685e-16 
0 0 0.9645 0.001 2 0.1 0.219523 0.125 2 0 0 -2.09907e-16 
0 0 0.9655 0.001 2 0.1 0.219523 0.125 2 0 0 -1.84685e-16 
0 0 0.9665 0.001 2 0.1 0.219523 0.125 2 0 0 -1.2664e-16 
0 0 0.9675 0.001 2 0.1 0.219523 0.125 2 0 0 -1.54396e-16 
0 0 0.9685 0.001 2 0.1 0.219523 0.125 2 0 0 -2.95707e-16 
0 0 0.9695 0.001 2 0.1 0.219523 0.125 2 0 0 -2.1244e-16 
0 0 0.9705 0.001 2 0.1 0.219523 0.125 2 0 0 -2.40196e-16 
0 0 0.9715 0.001 2 0.1 0.219523 0.125 2 0 0 -3.23463e-16 
0 0 0.9725 0.001 2 0.1 0.219523 0.125 2 0 0 -2.35129e-16 
0 0 0.9735 0.001 2 0.1 0.219523 0.125 2 0 0 -1.79618e-16 
0 0 0.9745 0.001 2 0.1 0.219523 0.125 2 0 0 -9.88847e-17 
0 0 0.9755 0.001 2 0.1 0.219523 0.125 2 0 0 -1.2664e-16 
0 0 0.9765 0.001 2 0.1 0.219523 0.125 2 0 0 -1.82151e-16 
0 0 0.9775 0.001 2 0.1 0.219523 0.125 2 0 0 -1.82151e-16 
0 0 0.9785 0.001 2 0.1 0.219523 0.125 2 0 0 -1.82151e-16 
0 0 0.9795 0.001 2 0.1 0.219523 0.125 2 0 0 -2.40196e-16 
0 0 0.9805 0.001 2 0.1 0.219523 0.125 2 0 0 -2.65418e-16 
0 0 0.9815 0.001 2 0.1 0.219523 0.125 2 0 0 -3.23463e-16 
0 0 0.9825 0.001 2 0.1 0.219523 0.125 2 0 0 -1.82151e-16 
0 0 0.9835 0.001 2 0.1 0.219523 0.125 2 0 0 -2.37663e-16 
0 0 0.9845 0.001 2 0.1 0.219523 0.125 2 0 0 -2.09907e-16 
0 0 0.9855 0.001 2 0.1 0.219523 0.125 2 0 0 -9.63514e-17 
0 0 0.9865 0.001 2 0.1 0.219523 0.125 2 0 0 -6.85958e-17 
0 0 0.9875 0.001 2 0.1 0.219523 0.125 2 0 0 -1.24107e-16 
0 0 0.9885 0.001 2 0.1 0.219523 0.125 2 0 0 -1.2664e-16 
0 0 0.9895 0.001 2 0.1 0.219523 0.125 2 0 0 -1.24107e-16 
0 0 0.9905 0.001 2 0.1 0.219523 0.125 2 0 0 -1.2664e-16 
0 0 0.9915 0.001 2 0.1 0.219523 0.125 2 0 0 -1.51863e-16 
0 0 0.9925 0.001 2 0.1 0.219523 0.125 2 0 0 -1.79618e-16 
0 0 0.9935 0.001 2 0.1 0.219523 0.125 2 0 0 -4.08402e-17 
0 0 0.9945 0.001 2 0.1 0.219523 0.125 2 0 0 -1.56179e-17 
0 0 0.9955 0.001 2 0.1 0.219523 0.125 2 0 0 -6.85958e-17 
0 0 0.9965 0.001 2 0.1 0.219523 0.125 2 0 0 -9.63514e-17 
0 0 0.9975 0.001 2 0.1 0.219523 0.125 2 0 0 -1.24107e-16 
0 0 0.9985 0.001 2 0.1 0.219523 0.125 2 0 0 -9.63514e-17 
0 0 0.9995 0.001 2 0.1 0.219523 0.125 2 0 0 -1.51863e-16 
